### Alberto Saldana-Lopez (Obs. Geneva - UniGE)
# 2021/08/31 11:24:18
#
# --------------------------------------------------------------------------------
#    example - stellar continuum SED - ficus.py
# --------------------------------------------------------------------------------
# 
### inputs ### 
# spec_name   --> example
# plot_mode   --> yes
# ssp_models  --> sb99
# Zarray      --> ['001', '004', '008', '02']
# att_law     --> reddy16
# att_igm     --> no
# wave_range  --> [ 925. 1345.]
# z_spec      --> 0.33314
# wave_R      --> 1000.0
# wave_norm   --> [1070. 1110.]
# nsim        --> 10
# 
### outputs ### 
# norm_factor --> 1.2426760411056101e-16
# arrays      --> wave(A), Flux.OBS, Flux.ERR, Flux.FIT, Flux.FITerr 
# 
# 
# wave(A)     Flux.OBS      Flux.ERR      Flux.FIT      Flux.FITerr 
+9.25087e+02  +6.28502e-01  +1.16744e-01  +1.04773e+00  +1.48650e-02
+9.25509e+02  +6.79467e-01  +1.20882e-01  +1.04093e+00  +1.44232e-02
+9.25930e+02  +5.57869e-01  +1.11991e-01  +9.56862e-01  +1.42034e-02
+9.26352e+02  +6.77679e-01  +1.20551e-01  +8.34329e-01  +1.62686e-02
+9.26774e+02  +9.55834e-01  +1.42641e-01  +9.05801e-01  +1.45472e-02
+9.27195e+02  +6.80505e-01  +1.35778e-01  +1.00680e+00  +1.60638e-02
+9.27617e+02  +8.02771e-01  +1.43540e-01  +1.03363e+00  +1.72602e-02
+9.28038e+02  +9.92756e-01  +1.59101e-01  +1.03266e+00  +1.73511e-02
+9.28460e+02  +9.09813e-01  +1.59020e-01  +1.02149e+00  +1.86784e-02
+9.28882e+02  +7.27814e-01  +1.41850e-01  +1.00136e+00  +2.29739e-02
+9.29303e+02  +5.00601e-01  +1.24703e-01  +9.92252e-01  +2.62513e-02
+9.29725e+02  +3.87178e-01  +1.13419e-01  +9.89587e-01  +2.62990e-02
+9.30147e+02  +4.32016e-01  +1.13204e-01  +9.59165e-01  +2.43109e-02
+9.30568e+02  +5.72111e-01  +1.14011e-01  +9.05588e-01  +1.96889e-02
+9.30990e+02  +5.67469e-01  +1.10496e-01  +8.75299e-01  +1.86579e-02
+9.31412e+02  +8.42201e-01  +1.32606e-01  +9.28278e-01  +2.30121e-02
+9.31833e+02  +6.89187e-01  +1.27020e-01  +9.62337e-01  +2.72301e-02
+9.32255e+02  +7.19640e-01  +1.35058e-01  +9.68337e-01  +2.70415e-02
+9.32676e+02  +1.11328e+00  +1.66074e-01  +9.78561e-01  +2.25932e-02
+9.33098e+02  +1.05037e+00  +1.55613e-01  +1.00709e+00  +1.64301e-02
+9.33520e+02  +1.13210e+00  +1.65800e-01  +1.06228e+00  +1.43011e-02
+9.33941e+02  +1.04878e+00  +1.55357e-01  +1.10093e+00  +1.60737e-02
+9.34363e+02  +9.85807e-01  +1.55222e-01  +1.10040e+00  +1.58345e-02
+9.34785e+02  +1.23112e+00  +1.70291e-01  +1.08667e+00  +1.48551e-02
+9.35206e+02  +9.92072e-01  +1.42374e-01  +1.07658e+00  +1.42758e-02
+9.35628e+02  +1.03419e+00  +1.43221e-01  +1.07039e+00  +1.38690e-02
+9.36050e+02  +6.44417e-01  +1.10053e-01  +1.06422e+00  +1.31942e-02
+9.36471e+02  +3.45852e-01  +8.64567e-02  +1.04469e+00  +1.25080e-02
+9.36893e+02  +4.10866e-01  +9.68201e-02  +9.33284e-01  +1.19754e-02
+9.37314e+02  +3.09602e-01  +8.41755e-02  +6.74719e-01  +1.13581e-02
+9.37736e+02  +5.61241e-01  +1.09198e-01  +5.53627e-01  +1.39560e-02
+9.38158e+02  +6.11409e-01  +1.13457e-01  +7.56379e-01  +1.25072e-02
+9.38579e+02  +7.45399e-01  +1.25933e-01  +9.66725e-01  +1.37080e-02
+9.39001e+02  +7.95389e-01  +1.25819e-01  +1.03558e+00  +1.51310e-02
+9.39423e+02  +7.27900e-01  +1.21660e-01  +1.05085e+00  +1.56229e-02
+9.39844e+02  +7.44112e-01  +1.25756e-01  +1.05587e+00  +1.61054e-02
+9.40266e+02  +6.26319e-01  +1.17291e-01  +1.05612e+00  +1.69676e-02
+9.40688e+02  +6.26336e-01  +1.17271e-01  +1.05370e+00  +1.80829e-02
+9.41109e+02  +3.75190e-01  +9.20648e-02  +1.04849e+00  +1.87797e-02
+9.41531e+02  +5.92555e-01  +1.08759e-01  +1.03536e+00  +1.90266e-02
+9.41952e+02  +8.43060e-01  +1.29664e-01  +9.83997e-01  +1.85655e-02
+9.42374e+02  +9.43136e-01  +1.33716e-01  +9.13142e-01  +1.85264e-02
+9.42796e+02  +7.59114e-01  +1.25292e-01  +9.34163e-01  +2.12438e-02
+9.43217e+02  +8.08760e-01  +1.25254e-01  +9.79117e-01  +2.34339e-02
+9.43639e+02  +1.00870e+00  +1.41908e-01  +9.98089e-01  +2.20180e-02
+9.44061e+02  +8.25089e-01  +1.25193e-01  +1.01740e+00  +1.71399e-02
+9.44482e+02  +7.91458e-01  +1.25133e-01  +1.05348e+00  +1.27802e-02
+9.44904e+02  +8.70476e-01  +1.24056e-01  +1.08793e+00  +1.30499e-02
+9.45326e+02  +8.41047e-01  +1.29307e-01  +1.09532e+00  +1.38007e-02
+9.45747e+02  +7.40923e-01  +1.25113e-01  +1.08766e+00  +1.38685e-02
+9.46169e+02  +1.27386e+00  +1.58380e-01  +1.08102e+00  +1.40711e-02
+9.46590e+02  +7.57312e-01  +1.25001e-01  +1.07549e+00  +1.40109e-02
+9.47012e+02  +1.20660e+00  +1.49972e-01  +1.07375e+00  +1.40739e-02
+9.47434e+02  +8.90091e-01  +1.33278e-01  +1.06830e+00  +1.36846e-02
+9.47855e+02  +5.73893e-01  +1.08284e-01  +1.05526e+00  +1.29871e-02
+9.48277e+02  +3.25696e-01  +9.60303e-02  +1.03360e+00  +1.32855e-02
+9.48699e+02  +3.71264e-01  +1.02210e-01  +9.47385e-01  +1.56076e-02
+9.49120e+02  +1.26522e-01  +7.17887e-02  +7.38560e-01  +1.59258e-02
+9.49542e+02  +1.87788e-01  +8.19338e-02  +5.36030e-01  +1.44487e-02
+9.49964e+02  +4.73512e-01  +1.12283e-01  +6.03332e-01  +1.59012e-02
+9.50385e+02  +8.61068e-01  +1.42910e-01  +8.89801e-01  +1.40807e-02
+9.50807e+02  +7.79822e-01  +1.43017e-01  +1.03539e+00  +1.27544e-02
+9.51228e+02  +1.02482e+00  +1.53163e-01  +1.05344e+00  +1.28024e-02
+9.51650e+02  +9.51388e-01  +1.46884e-01  +1.06210e+00  +1.31500e-02
+9.52072e+02  +8.91506e-01  +1.33310e-01  +1.06807e+00  +1.33976e-02
+9.52493e+02  +8.91760e-01  +1.33310e-01  +1.06771e+00  +1.33888e-02
+9.52915e+02  +1.19192e+00  +1.50110e-01  +1.06803e+00  +1.34711e-02
+9.53337e+02  +1.09142e+00  +1.40196e-01  +1.06863e+00  +1.35746e-02
+9.53758e+02  +1.04448e+00  +1.40046e-01  +1.06613e+00  +1.35069e-02
+9.54180e+02  +9.76343e-01  +1.37700e-01  +1.06375e+00  +1.33779e-02
+9.54602e+02  +1.17671e+00  +1.50272e-01  +1.06176e+00  +1.31615e-02
+9.55023e+02  +9.60167e-01  +1.33545e-01  +1.05879e+00  +1.29002e-02
+9.55445e+02  +9.60595e-01  +1.33611e-01  +1.06501e+00  +1.27349e-02
+9.55866e+02  +1.09426e+00  +1.42027e-01  +1.06815e+00  +1.29079e-02
+9.56288e+02  +1.31149e+00  +1.58777e-01  +1.06504e+00  +1.27684e-02
+9.56710e+02  +1.36251e+00  +1.58870e-01  +1.06297e+00  +1.27948e-02
+9.57131e+02  +1.04540e+00  +1.42169e-01  +1.06098e+00  +1.27466e-02
+9.57553e+02  +9.62667e-01  +1.33906e-01  +1.05247e+00  +1.24807e-02
+9.57975e+02  +8.96193e-01  +1.33952e-01  +1.00257e+00  +1.17300e-02
+9.58396e+02  +7.79564e-01  +1.25658e-01  +8.48903e-01  +1.01117e-02
+9.58818e+02  +7.29578e-01  +1.21638e-01  +7.47995e-01  +9.18262e-03
+9.59240e+02  +9.98239e-01  +1.42612e-01  +9.13948e-01  +1.02339e-02
+9.59661e+02  +9.31741e-01  +1.34296e-01  +1.02908e+00  +1.12737e-02
+9.60083e+02  +1.21796e+00  +1.51221e-01  +1.05389e+00  +1.20167e-02
+9.60504e+02  +1.00035e+00  +1.42903e-01  +1.06563e+00  +1.25850e-02
+9.60926e+02  +1.16939e+00  +1.51529e-01  +1.07002e+00  +1.29378e-02
+9.61348e+02  +1.16111e+00  +1.81146e-01  +1.07045e+00  +1.31133e-02
+9.61769e+02  +1.00065e+00  +1.78224e-01  +1.06982e+00  +1.30416e-02
+9.62191e+02  +9.03191e-01  +1.66571e-01  +1.06987e+00  +1.28540e-02
+9.62613e+02  +1.15945e+00  +1.85923e-01  +1.07063e+00  +1.27813e-02
+9.63034e+02  +1.00352e+00  +1.78710e-01  +1.07047e+00  +1.28509e-02
+9.63456e+02  +1.11467e+00  +1.92741e-01  +1.06541e+00  +1.23233e-02
+9.63878e+02  +9.23159e-01  +1.79149e-01  +1.05705e+00  +1.16406e-02
+9.64299e+02  +1.47512e+00  +2.20650e-01  +1.06112e+00  +1.20068e-02
+9.64721e+02  +9.79325e-01  +1.47898e-01  +1.06798e+00  +1.26834e-02
+9.65142e+02  +1.04556e+00  +1.44329e-01  +1.06915e+00  +1.28423e-02
+9.65564e+02  +1.11486e+00  +1.44512e-01  +1.06750e+00  +1.27612e-02
+9.65986e+02  +1.09906e+00  +1.44656e-01  +1.06429e+00  +1.25855e-02
+9.66407e+02  +7.42721e-01  +1.23599e-01  +1.05819e+00  +1.19736e-02
+9.66829e+02  +1.20409e+00  +1.53588e-01  +1.04815e+00  +1.12034e-02
+9.67251e+02  +1.29119e+00  +1.58010e-01  +1.04133e+00  +1.11670e-02
+9.67672e+02  +9.16852e-01  +1.36737e-01  +1.04651e+00  +1.13948e-02
+9.68094e+02  +1.17492e+00  +1.54124e-01  +1.04872e+00  +1.14818e-02
+9.68516e+02  +1.07350e+00  +1.45648e-01  +1.05089e+00  +1.15005e-02
+9.68937e+02  +1.21246e+00  +1.54557e-01  +1.05288e+00  +1.14895e-02
+9.69359e+02  +1.00800e+00  +1.41819e-01  +1.05080e+00  +1.12649e-02
+9.69780e+02  +1.12992e+00  +1.46255e-01  +1.04820e+00  +1.11016e-02
+9.70202e+02  +9.76644e-01  +1.37829e-01  +1.04639e+00  +1.10318e-02
+9.70624e+02  +6.84840e-01  +1.20852e-01  +1.04442e+00  +1.09475e-02
+9.71045e+02  +6.18193e-01  +1.12974e-01  +1.04213e+00  +1.06971e-02
+9.71467e+02  +3.27996e-01  +8.89166e-02  +1.00594e+00  +1.02555e-02
+9.71889e+02  +3.93022e-01  +9.53701e-02  +8.59871e-01  +1.17138e-02
+9.72310e+02  +7.40000e-01  +1.21365e-01  +6.76806e-01  +1.47541e-02
+9.72732e+02  +1.19158e+00  +1.56257e-01  +7.37248e-01  +1.32321e-02
+9.73154e+02  +1.81751e+00  +1.77784e-01  +9.29102e-01  +1.09246e-02
+9.73575e+02  +2.79253e+00  +2.20598e-01  +1.00918e+00  +1.12733e-02
+9.73997e+02  +4.01253e+00  +2.64736e-01  +1.02249e+00  +1.19168e-02
+9.74418e+02  +4.69494e+00  +2.86598e-01  +1.02586e+00  +1.22386e-02
+9.74840e+02  +5.50107e+00  +3.10522e-01  +1.02652e+00  +1.22844e-02
+9.75262e+02  +6.15216e+00  +3.28667e-01  +1.02812e+00  +1.20966e-02
+9.75683e+02  +7.88768e+00  +3.72708e-01  +1.03059e+00  +1.16881e-02
+9.76105e+02  +7.89529e+00  +3.73064e-01  +1.03275e+00  +1.12924e-02
+9.76527e+02  +8.13098e+00  +3.78832e-01  +1.03390e+00  +1.09413e-02
+9.76948e+02  +9.04458e+00  +4.31698e-01  +1.03649e+00  +1.06486e-02
+9.77370e+02  +9.43082e+00  +4.70249e-01  +1.03623e+00  +1.06027e-02
+9.77792e+02  +8.99798e+00  +4.59483e-01  +1.01785e+00  +1.03982e-02
+9.78213e+02  +8.77440e+00  +4.53930e-01  +9.99011e-01  +1.02811e-02
+9.78635e+02  +8.87762e+00  +4.56861e-01  +1.01810e+00  +1.01643e-02
+9.79056e+02  +7.92912e+00  +4.31827e-01  +1.03340e+00  +1.00460e-02
+9.79478e+02  +7.11926e+00  +4.09263e-01  +1.03521e+00  +1.01387e-02
+9.79900e+02  +6.19093e+00  +3.81719e-01  +1.03932e+00  +1.03375e-02
+9.80321e+02  +5.89726e+00  +3.29044e-01  +1.04238e+00  +1.04951e-02
+9.80743e+02  +5.48019e+00  +3.12243e-01  +1.03532e+00  +1.05880e-02
+9.81165e+02  +4.69138e+00  +2.92774e-01  +1.03018e+00  +1.08478e-02
+9.81586e+02  +3.35214e+00  +2.60106e-01  +1.04248e+00  +1.04135e-02
+9.82008e+02  +2.98492e+00  +2.55318e-01  +1.05061e+00  +1.07267e-02
+9.82430e+02  +2.63913e+00  +2.40153e-01  +1.05095e+00  +1.07542e-02
+9.82851e+02  +2.46697e+00  +2.32277e-01  +1.04297e+00  +1.03633e-02
+9.83273e+02  +1.72659e+00  +2.07753e-01  +1.02324e+00  +1.08956e-02
+9.83694e+02  +1.26909e+00  +1.75027e-01  +1.01346e+00  +1.13363e-02
+9.84116e+02  +1.13895e+00  +1.69791e-01  +1.02449e+00  +1.01921e-02
+9.84538e+02  +1.04932e+00  +1.59960e-01  +1.03465e+00  +1.01511e-02
+9.84959e+02  +1.26812e+00  +1.61240e-01  +1.03278e+00  +1.01426e-02
+9.85381e+02  +1.41300e+00  +1.70294e-01  +1.00786e+00  +1.07433e-02
+9.85803e+02  +1.02037e+00  +1.43596e-01  +9.66758e-01  +1.50303e-02
+9.86224e+02  +8.60711e-01  +1.34796e-01  +9.68273e-01  +1.25397e-02
+9.86646e+02  +1.25760e+00  +1.62047e-01  +9.82207e-01  +1.02621e-02
+9.87068e+02  +1.11538e+00  +1.53162e-01  +9.98748e-01  +1.14354e-02
+9.87489e+02  +1.02667e+00  +1.44343e-01  +1.03339e+00  +1.13303e-02
+9.87911e+02  +8.47685e-01  +1.35496e-01  +1.05262e+00  +1.12957e-02
+9.88332e+02  +9.21503e-01  +1.40300e-01  +1.04992e+00  +1.09105e-02
+9.88754e+02  +7.42038e-01  +1.26841e-01  +1.03377e+00  +1.04580e-02
+9.89176e+02  +7.89514e-01  +1.27050e-01  +9.64334e-01  +1.00811e-02
+9.89597e+02  +8.41346e-01  +1.27207e-01  +8.28368e-01  +1.17319e-02
+9.90019e+02  +1.07327e+00  +1.50224e-01  +8.18838e-01  +1.40115e-02
+9.90441e+02  +1.20248e+00  +1.54948e-01  +9.27725e-01  +1.47054e-02
+9.90862e+02  +8.21101e-01  +1.36990e-01  +9.67883e-01  +1.73335e-02
+9.91284e+02  +1.09644e+00  +1.55361e-01  +9.74634e-01  +1.67071e-02
+9.91705e+02  +7.50653e-01  +1.28152e-01  +1.01868e+00  +1.08842e-02
+9.92127e+02  +8.61999e-01  +1.37509e-01  +1.04657e+00  +1.05585e-02
+9.92549e+02  +8.26465e-01  +1.37759e-01  +1.05034e+00  +1.10190e-02
+9.92970e+02  +9.19750e-01  +1.37939e-01  +1.05138e+00  +1.11639e-02
+9.93392e+02  +1.16057e+00  +1.56552e-01  +1.05282e+00  +1.11906e-02
+9.93814e+02  +8.86098e-01  +1.38347e-01  +1.04860e+00  +1.09135e-02
+9.94235e+02  +1.22005e+00  +1.57036e-01  +1.02665e+00  +1.02258e-02
+9.94657e+02  +9.63868e-01  +1.48132e-01  +9.85230e-01  +1.09894e-02
+9.95079e+02  +9.46618e-01  +1.43704e-01  +9.69385e-01  +1.20439e-02
+9.95500e+02  +1.17110e+00  +1.57798e-01  +1.00020e+00  +9.62692e-03
+9.95922e+02  +1.00560e+00  +1.48746e-01  +1.02231e+00  +9.68651e-03
+9.96343e+02  +1.04471e+00  +1.49005e-01  +1.02359e+00  +9.57460e-03
+9.96765e+02  +8.60030e-01  +1.39904e-01  +1.00668e+00  +1.05106e-02
+9.97187e+02  +1.16037e+00  +1.58816e-01  +9.73664e-01  +1.61759e-02
+9.97608e+02  +7.32123e-01  +1.31111e-01  +9.74005e-01  +1.55070e-02
+9.98030e+02  +1.33120e+00  +1.73041e-01  +1.01867e+00  +9.39369e-03
+9.98452e+02  +8.92164e-01  +1.50428e-01  +1.04576e+00  +9.93034e-03
+9.98873e+02  +1.17289e+00  +1.72110e-01  +1.04996e+00  +1.04151e-02
+9.99295e+02  +1.28972e+00  +1.84846e-01  +1.05074e+00  +1.06402e-02
+9.99717e+02  +1.06077e+00  +1.73689e-01  +1.05202e+00  +1.08674e-02
+1.00014e+03  +8.54455e-01  +1.50731e-01  +1.05148e+00  +1.07745e-02
+1.00056e+03  +9.02620e-01  +1.62722e-01  +1.04742e+00  +1.03111e-02
+1.00098e+03  +8.65551e-01  +1.54703e-01  +1.04381e+00  +9.99094e-03
+1.00140e+03  +7.64381e-01  +1.33265e-01  +1.04457e+00  +9.96668e-03
+1.00182e+03  +8.99478e-01  +1.42926e-01  +1.04137e+00  +9.67357e-03
+1.00225e+03  +9.39270e-01  +1.43184e-01  +1.03933e+00  +9.65955e-03
+1.00267e+03  +9.41466e-01  +1.43469e-01  +1.04365e+00  +1.01330e-02
+1.00309e+03  +6.18093e-01  +1.24643e-01  +1.04932e+00  +1.05728e-02
+1.00351e+03  +1.06054e+00  +1.53594e-01  +1.05205e+00  +1.08852e-02
+1.00393e+03  +1.04332e+00  +1.53853e-01  +1.05212e+00  +1.10005e-02
+1.00435e+03  +1.02605e+00  +1.54086e-01  +1.05149e+00  +1.10074e-02
+1.00478e+03  +1.16307e+00  +1.63981e-01  +1.04855e+00  +1.05835e-02
+1.00520e+03  +1.12635e+00  +1.54598e-01  +1.02705e+00  +8.89059e-03
+1.00562e+03  +1.10850e+00  +1.54811e-01  +9.73728e-01  +9.82869e-03
+1.00604e+03  +1.22663e+00  +1.64750e-01  +9.50792e-01  +1.14346e-02
+1.00646e+03  +9.37744e-01  +1.45614e-01  +1.00462e+00  +8.29867e-03
+1.00688e+03  +1.24993e+00  +1.65255e-01  +1.03633e+00  +9.48061e-03
+1.00731e+03  +1.03817e+00  +1.55814e-01  +1.03172e+00  +1.00259e-02
+1.00773e+03  +1.01916e+00  +1.45678e-01  +1.01343e+00  +1.06343e-02
+1.00815e+03  +8.74393e-01  +1.36739e-01  +1.01507e+00  +1.06229e-02
+1.00857e+03  +8.28140e-01  +1.37029e-01  +1.03371e+00  +1.01016e-02
+1.00899e+03  +8.68771e-01  +1.42251e-01  +1.03930e+00  +9.65195e-03
+1.00941e+03  +8.30877e-01  +1.37439e-01  +1.01352e+00  +8.52271e-03
+1.00984e+03  +8.51851e-01  +1.37692e-01  +9.32068e-01  +1.38823e-02
+1.01026e+03  +1.03054e+00  +1.57668e-01  +8.66017e-01  +1.74227e-02
+1.01068e+03  +1.07181e+00  +1.57834e-01  +9.14084e-01  +1.11435e-02
+1.01110e+03  +1.18023e+00  +1.85970e-01  +9.89765e-01  +8.86432e-03
+1.01152e+03  +9.44031e-01  +1.95294e-01  +1.01762e+00  +9.79124e-03
+1.01194e+03  +8.14261e-01  +1.78927e-01  +1.02313e+00  +9.24628e-03
+1.01237e+03  +1.07450e+00  +2.03404e-01  +9.96457e-01  +9.41121e-03
+1.01279e+03  +7.17592e-01  +1.71045e-01  +9.63900e-01  +1.07536e-02
+1.01321e+03  +1.10814e+00  +2.11630e-01  +9.89843e-01  +1.07441e-02
+1.01363e+03  +9.78387e-01  +1.95432e-01  +1.02762e+00  +1.00998e-02
+1.01405e+03  +1.13869e+00  +2.00964e-01  +1.03819e+00  +1.00064e-02
+1.01447e+03  +1.36919e+00  +1.80185e-01  +1.03148e+00  +1.00981e-02
+1.01490e+03  +1.23171e+00  +1.70444e-01  +1.02332e+00  +9.93707e-03
+1.01532e+03  +1.37432e+00  +1.80783e-01  +1.02707e+00  +9.34984e-03
+1.01574e+03  +8.74211e-01  +1.40865e-01  +1.02977e+00  +9.04750e-03
+1.01616e+03  +9.36047e-01  +1.51156e-01  +1.02974e+00  +9.06157e-03
+1.01658e+03  +1.05821e+00  +1.61569e-01  +1.02652e+00  +9.10019e-03
+1.01700e+03  +9.99451e-01  +1.51669e-01  +1.01184e+00  +9.22288e-03
+1.01743e+03  +8.53322e-01  +1.41929e-01  +9.82479e-01  +9.84624e-03
+1.01785e+03  +9.11534e-01  +1.42039e-01  +9.58745e-01  +9.79927e-03
+1.01827e+03  +1.24911e+00  +1.72778e-01  +9.68155e-01  +9.19511e-03
+1.01869e+03  +9.66661e-01  +1.52720e-01  +9.91625e-01  +8.24489e-03
+1.01911e+03  +9.88974e-01  +1.52994e-01  +1.00744e+00  +8.45472e-03
+1.01953e+03  +1.15376e+00  +1.63446e-01  +1.00793e+00  +9.58684e-03
+1.01996e+03  +9.31177e-01  +1.53625e-01  +1.00230e+00  +1.15553e-02
+1.02038e+03  +8.71708e-01  +1.43572e-01  +1.00577e+00  +1.16385e-02
+1.02080e+03  +1.30431e+00  +1.74586e-01  +1.00737e+00  +1.04999e-02
+1.02122e+03  +1.22422e+00  +1.69830e-01  +9.91160e-01  +1.09989e-02
+1.02164e+03  +1.06156e+00  +1.59797e-01  +9.66492e-01  +1.87906e-02
+1.02206e+03  +7.54305e-01  +1.34248e-01  +9.45603e-01  +2.76828e-02
+1.02248e+03  +1.06575e+00  +1.60390e-01  +9.25637e-01  +3.15858e-02
+1.02291e+03  +7.15850e-01  +1.34713e-01  +9.00377e-01  +3.43955e-02
+1.02333e+03  +8.20942e-01  +1.45426e-01  +8.67526e-01  +4.36303e-02
+1.02375e+03  +4.89705e-01  +1.14530e-01  +8.24434e-01  +5.71187e-02
+1.02417e+03  +2.82351e-01  +9.39118e-02  +7.86014e-01  +6.77147e-02
+1.02459e+03  +1.15679e-01  +7.32854e-02  +7.23822e-01  +6.93769e-02
+1.02501e+03  +9.52943e-02  +6.81636e-02  +5.65142e-01  +5.64725e-02
+1.02544e+03  +9.54862e-02  +6.82569e-02  +3.61208e-01  +3.55493e-02
+1.02586e+03  +3.47862e-01  +1.05176e-01  +3.50633e-01  +3.03422e-02
+1.02628e+03  +3.69331e-01  +1.05246e-01  +5.66516e-01  +4.53212e-02
+1.02670e+03  +5.32854e-01  +1.27411e-01  +7.14780e-01  +5.26009e-02
+1.02712e+03  +7.50824e-01  +1.44225e-01  +7.46323e-01  +4.91401e-02
+1.02754e+03  +8.92698e-01  +1.68454e-01  +7.46941e-01  +4.47235e-02
+1.02797e+03  +8.10517e-01  +1.68909e-01  +7.45687e-01  +4.14513e-02
+1.02839e+03  +6.43328e-01  +1.55157e-01  +7.45021e-01  +3.87558e-02
+1.02881e+03  +6.44620e-01  +1.55415e-01  +7.41016e-01  +3.71253e-02
+1.02923e+03  +9.57175e-01  +1.83955e-01  +7.28772e-01  +3.72011e-02
+1.02965e+03  +1.10064e+00  +1.93847e-01  +7.08172e-01  +3.89370e-02
+1.03007e+03  +8.55737e-01  +1.52396e-01  +6.84836e-01  +4.13964e-02
+1.03050e+03  +7.22758e-01  +1.39309e-01  +6.57753e-01  +4.13474e-02
+1.03092e+03  +7.24284e-01  +1.39547e-01  +6.44052e-01  +4.14789e-02
+1.03134e+03  +7.04147e-01  +1.39920e-01  +6.83676e-01  +5.05511e-02
+1.03176e+03  +9.05573e-01  +1.60399e-01  +7.49705e-01  +6.09233e-02
+1.03218e+03  +7.56193e-01  +1.59009e-01  +8.12054e-01  +6.24493e-02
+1.03260e+03  +6.78063e-01  +1.46052e-01  +8.46620e-01  +5.56677e-02
+1.03303e+03  +6.26140e-01  +1.46161e-01  +8.46245e-01  +4.62683e-02
+1.03345e+03  +6.27806e-01  +1.46480e-01  +8.31364e-01  +3.77042e-02
+1.03387e+03  +9.22496e-01  +1.73426e-01  +8.21236e-01  +3.12196e-02
+1.03429e+03  +9.77928e-01  +1.73799e-01  +8.26527e-01  +2.71925e-02
+1.03471e+03  +9.27997e-01  +1.66177e-01  +8.23654e-01  +2.17065e-02
+1.03513e+03  +1.06812e+00  +1.64263e-01  +7.93012e-01  +1.53023e-02
+1.03556e+03  +8.95029e-01  +1.53733e-01  +7.92531e-01  +1.68967e-02
+1.03598e+03  +6.55296e-01  +1.31946e-01  +8.61619e-01  +1.80003e-02
+1.03640e+03  +1.11920e+00  +1.65242e-01  +8.74741e-01  +2.15309e-02
+1.03682e+03  +1.45260e+00  +1.85523e-01  +8.33262e-01  +3.26774e-02
+1.03724e+03  +1.18719e+00  +1.65084e-01  +9.04862e-01  +3.82217e-02
+1.03766e+03  +1.30391e+00  +1.77281e-01  +1.07851e+00  +4.13280e-02
+1.03809e+03  +8.18672e-01  +1.44287e-01  +1.20975e+00  +4.75736e-02
+1.03851e+03  +1.17614e+00  +1.77977e-01  +1.24441e+00  +4.69625e-02
+1.03893e+03  +1.24559e+00  +1.78238e-01  +1.22242e+00  +4.36542e-02
+1.03935e+03  +1.44887e+00  +1.89743e-01  +1.19038e+00  +4.09109e-02
+1.03977e+03  +1.56352e+00  +2.01341e-01  +1.16906e+00  +3.70535e-02
+1.04019e+03  +1.07451e+00  +1.68036e-01  +1.15528e+00  +3.25107e-02
+1.04062e+03  +1.12152e+00  +1.68351e-01  +1.14060e+00  +2.85608e-02
+1.04104e+03  +1.12380e+00  +1.68673e-01  +1.12473e+00  +2.53241e-02
+1.04146e+03  +1.68904e+00  +2.02913e-01  +1.10882e+00  +2.26243e-02
+1.04188e+03  +1.01537e+00  +1.63781e-01  +1.09735e+00  +1.96540e-02
+1.04230e+03  +1.08572e+00  +1.69633e-01  +1.08848e+00  +1.67606e-02
+1.04272e+03  +1.08788e+00  +1.69921e-01  +1.07926e+00  +1.43649e-02
+1.04315e+03  +1.04472e+00  +1.70362e-01  +1.07048e+00  +1.24808e-02
+1.04357e+03  +1.20611e+00  +1.82057e-01  +1.06292e+00  +1.12801e-02
+1.04399e+03  +1.09491e+00  +1.70898e-01  +1.05651e+00  +1.08442e-02
+1.04441e+03  +9.37151e-01  +1.59905e-01  +1.05081e+00  +1.09033e-02
+1.04483e+03  +1.14491e+00  +1.71532e-01  +1.04554e+00  +1.10334e-02
+1.04525e+03  +7.12357e-01  +1.37498e-01  +1.04083e+00  +1.11082e-02
+1.04567e+03  +8.97403e-01  +1.60793e-01  +1.03696e+00  +1.11276e-02
+1.04610e+03  +1.22088e+00  +1.84099e-01  +1.03395e+00  +1.10769e-02
+1.04652e+03  +1.20136e+00  +1.78738e-01  +1.03182e+00  +1.10002e-02
+1.04694e+03  +1.18364e+00  +1.61664e-01  +1.03053e+00  +1.09212e-02
+1.04736e+03  +9.28882e-01  +1.62124e-01  +1.02982e+00  +1.08383e-02
+1.04778e+03  +9.07509e-01  +1.62393e-01  +1.02925e+00  +1.08137e-02
+1.04820e+03  +1.08662e+00  +1.71691e-01  +1.02882e+00  +1.08794e-02
+1.04863e+03  +1.16112e+00  +1.99813e-01  +1.02889e+00  +1.09145e-02
+1.04905e+03  +1.27772e+00  +2.00108e-01  +1.02877e+00  +1.08878e-02
+1.04947e+03  +1.30938e+00  +2.07777e-01  +1.02821e+00  +1.08291e-02
+1.04989e+03  +1.14036e+00  +2.00965e-01  +1.02767e+00  +1.08057e-02
+1.05031e+03  +9.99018e-01  +1.86860e-01  +1.02721e+00  +1.07725e-02
+1.05073e+03  +6.84725e-01  +1.58562e-01  +1.02595e+00  +1.05186e-02
+1.05116e+03  +5.69240e-01  +1.37696e-01  +1.02427e+00  +1.02479e-02
+1.05158e+03  +9.25785e-01  +1.65257e-01  +1.02419e+00  +1.03354e-02
+1.05200e+03  +8.09766e-01  +1.53655e-01  +1.02484e+00  +1.05305e-02
+1.05242e+03  +9.30150e-01  +1.65890e-01  +1.02413e+00  +1.04276e-02
+1.05284e+03  +1.05097e+00  +1.66129e-01  +1.02303e+00  +1.02999e-02
+1.05326e+03  +9.34639e-01  +1.66537e-01  +1.02350e+00  +1.04776e-02
+1.05369e+03  +1.24656e+00  +1.84743e-01  +1.02411e+00  +1.06859e-02
+1.05411e+03  +1.10591e+00  +1.79114e-01  +1.02400e+00  +1.07526e-02
+1.05453e+03  +1.06089e+00  +1.67438e-01  +1.02255e+00  +1.06694e-02
+1.05495e+03  +1.08698e+00  +1.73872e-01  +1.01454e+00  +1.01322e-02
+1.05537e+03  +1.30504e+00  +1.92053e-01  +1.00182e+00  +9.46497e-03
+1.05579e+03  +8.51113e-01  +1.56386e-01  +1.00330e+00  +9.54785e-03
+1.05622e+03  +1.04607e+00  +1.68772e-01  +1.01306e+00  +1.00445e-02
+1.05664e+03  +1.16889e+00  +1.81146e-01  +1.01883e+00  +1.04002e-02
+1.05706e+03  +1.09876e+00  +1.64189e-01  +1.01927e+00  +1.02871e-02
+1.05748e+03  +1.24662e+00  +1.81932e-01  +1.01767e+00  +1.00214e-02
+1.05790e+03  +1.12746e+00  +1.82373e-01  +1.01622e+00  +1.00000e-02
+1.05832e+03  +1.13013e+00  +1.82735e-01  +1.01476e+00  +9.76268e-03
+1.05875e+03  +1.08391e+00  +1.70801e-01  +1.01424e+00  +9.58199e-03
+1.05917e+03  +9.88772e-01  +1.71267e-01  +1.01476e+00  +9.74199e-03
+1.05959e+03  +1.18678e+00  +1.83727e-01  +1.01219e+00  +9.82998e-03
+1.06001e+03  +9.93032e-01  +1.71928e-01  +1.00427e+00  +9.71369e-03
+1.06043e+03  +1.31440e+00  +1.96812e-01  +9.96936e-01  +9.56743e-03
+1.06085e+03  +8.25188e-01  +1.60270e-01  +9.88160e-01  +8.98887e-03
+1.06128e+03  +1.22977e+00  +2.00371e-01  +9.75147e-01  +9.66901e-03
+1.06170e+03  +8.77192e-01  +2.01407e-01  +9.62192e-01  +1.01779e-02
+1.06212e+03  +6.37802e-01  +1.82040e-01  +9.06389e-01  +1.01656e-02
+1.06254e+03  +1.28612e+00  +2.42514e-01  +7.90517e-01  +2.00088e-02
+1.06296e+03  +1.12777e+00  +2.33292e-01  +8.08631e-01  +1.88781e-02
+1.06338e+03  +1.04928e+00  +2.23261e-01  +9.37621e-01  +7.81824e-03
+1.06381e+03  +1.01105e+00  +2.23932e-01  +1.00151e+00  +8.89140e-03
+1.06423e+03  +1.01182e+00  +1.99951e-01  +1.00950e+00  +9.48660e-03
+1.06465e+03  +1.04297e+00  +1.75785e-01  +1.00919e+00  +9.57661e-03
+1.06507e+03  +9.45120e-01  +1.63517e-01  +1.00723e+00  +9.46442e-03
+1.06549e+03  +1.17366e+00  +1.89077e-01  +1.00186e+00  +8.94013e-03
+1.06591e+03  +1.02438e+00  +1.76820e-01  +9.98518e-01  +8.70682e-03
+1.06634e+03  +8.74788e-01  +1.64412e-01  +1.00363e+00  +9.08889e-03
+1.06676e+03  +1.15548e+00  +1.83926e-01  +1.00724e+00  +9.60258e-03
+1.06718e+03  +9.33224e-01  +1.66144e-01  +1.00525e+00  +9.71776e-03
+1.06760e+03  +1.02977e+00  +1.66297e-01  +9.98796e-01  +9.90605e-03
+1.06802e+03  +1.11212e+00  +1.78617e-01  +9.94824e-01  +9.99250e-03
+1.06844e+03  +1.01212e+00  +1.79066e-01  +9.92406e-01  +9.04359e-03
+1.06886e+03  +8.86492e-01  +1.66503e-01  +9.80931e-01  +9.06136e-03
+1.06929e+03  +1.27300e+00  +1.92476e-01  +9.82828e-01  +8.91188e-03
+1.06971e+03  +1.32672e+00  +1.92832e-01  +9.91130e-01  +8.81614e-03
+1.07013e+03  +1.12378e+00  +1.80388e-01  +9.87544e-01  +8.90247e-03
+1.07055e+03  +1.10020e+00  +1.80694e-01  +9.83521e-01  +8.98793e-03
+1.07097e+03  +1.15435e+00  +1.81092e-01  +9.93768e-01  +8.99464e-03
+1.07139e+03  +1.31208e+00  +1.94367e-01  +1.00132e+00  +9.55795e-03
+1.07182e+03  +6.40559e-01  +1.42995e-01  +9.99062e-01  +9.41872e-03
+1.07224e+03  +9.01665e-01  +1.69096e-01  +9.94073e-01  +9.04889e-03
+1.07266e+03  +1.00780e+00  +1.76139e-01  +9.90956e-01  +8.86412e-03
+1.07308e+03  +7.75601e-01  +1.56901e-01  +9.88530e-01  +8.69592e-03
+1.07350e+03  +1.03842e+00  +1.83313e-01  +9.87071e-01  +8.54357e-03
+1.07392e+03  +1.01460e+00  +1.77203e-01  +9.88019e-01  +8.56809e-03
+1.07435e+03  +1.04286e+00  +1.84003e-01  +9.91129e-01  +8.83163e-03
+1.07477e+03  +1.07130e+00  +1.84382e-01  +9.94559e-01  +9.19588e-03
+1.07519e+03  +1.12658e+00  +1.84636e-01  +9.97256e-01  +9.53761e-03
+1.07561e+03  +1.41981e+00  +2.11507e-01  +9.99910e-01  +1.00133e-02
+1.07603e+03  +1.00000e+00  +1.72142e-01  +1.00225e+00  +1.03007e-02
+1.07645e+03  +1.21406e+00  +1.92493e-01  +1.00351e+00  +1.02690e-02
+1.07688e+03  +1.09478e+00  +1.89832e-01  +1.00352e+00  +1.02267e-02
+1.07730e+03  +7.76354e-01  +1.82095e-01  +1.00169e+00  +1.00599e-02
+1.07772e+03  +1.18732e+00  +2.01494e-01  +9.97978e-01  +9.78489e-03
+1.07814e+03  +1.30081e+00  +2.30736e-01  +9.95939e-01  +9.82921e-03
+1.07856e+03  +1.51655e+00  +2.49137e-01  +9.93804e-01  +1.03632e-02
+1.07898e+03  +6.64942e-01  +1.78396e-01  +9.89841e-01  +1.06227e-02
+1.07941e+03  +1.34435e+00  +2.32128e-01  +9.91659e-01  +9.92512e-03
+1.07983e+03  +8.37122e-01  +1.87841e-01  +9.94991e-01  +9.65495e-03
+1.08025e+03  +1.11597e+00  +1.95937e-01  +9.95118e-01  +9.90465e-03
+1.08067e+03  +1.21179e+00  +1.89465e-01  +9.93409e-01  +9.98285e-03
+1.08109e+03  +7.53274e-01  +1.62825e-01  +9.90424e-01  +9.98982e-03
+1.08151e+03  +1.22842e+00  +2.09555e-01  +9.86143e-01  +1.03700e-02
+1.08194e+03  +1.04664e+00  +2.00233e-01  +9.87288e-01  +1.02074e-02
+1.08236e+03  +8.81603e-01  +1.83893e-01  +9.89982e-01  +9.58963e-03
+1.08278e+03  +8.83561e-01  +1.84232e-01  +9.86151e-01  +8.99958e-03
+1.08320e+03  +4.49514e-01  +1.42933e-01  +9.79487e-01  +8.79860e-03
+1.08362e+03  +8.53876e-01  +1.84965e-01  +9.78871e-01  +8.81197e-03
+1.08404e+03  +7.48301e-01  +1.76923e-01  +9.69800e-01  +9.26964e-03
+1.08447e+03  +1.37496e+00  +2.15010e-01  +9.36469e-01  +1.00101e-02
+1.08489e+03  +1.01705e+00  +1.79371e-01  +9.16888e-01  +1.01175e-02
+1.08531e+03  +7.98242e-01  +1.65996e-01  +9.53046e-01  +9.31124e-03
+1.08573e+03  +9.93867e-01  +1.80027e-01  +9.81215e-01  +9.02353e-03
+1.08615e+03  +7.18625e-01  +1.52673e-01  +9.86833e-01  +9.02135e-03
+1.08657e+03  +1.24820e+00  +1.94671e-01  +9.88141e-01  +9.16242e-03
+1.08700e+03  +8.60991e-01  +1.67159e-01  +9.88902e-01  +9.37883e-03
+1.08742e+03  +1.14205e+00  +1.95507e-01  +9.87566e-01  +9.33053e-03
+1.08784e+03  +1.11688e+00  +1.95858e-01  +9.83468e-01  +9.06078e-03
+1.08826e+03  +7.78293e-01  +1.57116e-01  +9.78848e-01  +8.97616e-03
+1.08868e+03  +9.36264e-01  +1.70271e-01  +9.72405e-01  +8.89744e-03
+1.08910e+03  +8.71208e-01  +1.68811e-01  +9.62834e-01  +9.49057e-03
+1.08953e+03  +7.88252e-01  +1.69238e-01  +9.59482e-01  +9.98645e-03
+1.08995e+03  +8.74573e-01  +1.69446e-01  +9.70449e-01  +9.05663e-03
+1.09037e+03  +9.04397e-01  +1.69763e-01  +9.82330e-01  +9.16892e-03
+1.09079e+03  +9.34066e-01  +1.77242e-01  +9.83719e-01  +9.83442e-03
+1.09121e+03  +1.04966e+00  +1.84589e-01  +9.81264e-01  +1.02198e-02
+1.09163e+03  +1.05218e+00  +1.84939e-01  +9.84492e-01  +1.01039e-02
+1.09205e+03  +9.69112e-01  +1.85425e-01  +9.87610e-01  +9.93766e-03
+1.09248e+03  +1.17121e+00  +2.00049e-01  +9.87846e-01  +9.96861e-03
+1.09290e+03  +7.44852e-01  +1.57610e-01  +9.85885e-01  +1.00164e-02
+1.09332e+03  +1.17576e+00  +2.00814e-01  +9.83647e-01  +1.00470e-02
+1.09374e+03  +1.12065e+00  +1.94056e-01  +9.86995e-01  +1.03873e-02
+1.09416e+03  +1.00792e+00  +1.87040e-01  +9.91042e-01  +1.07792e-02
+1.09458e+03  +8.94227e-01  +1.72959e-01  +9.91665e-01  +1.08694e-02
+1.09501e+03  +9.53593e-01  +1.80603e-01  +9.87776e-01  +1.03584e-02
+1.09543e+03  +9.55039e-01  +1.80919e-01  +9.81057e-01  +9.63255e-03
+1.09585e+03  +7.25256e-01  +1.59468e-01  +9.76877e-01  +9.41352e-03
+1.09627e+03  +1.07504e+00  +1.88759e-01  +9.67354e-01  +9.46775e-03
+1.09669e+03  +7.87039e-01  +1.67435e-01  +9.62756e-01  +9.69538e-03
+1.09711e+03  +9.63518e-01  +1.82275e-01  +9.70071e-01  +9.55208e-03
+1.09754e+03  +1.37354e+00  +2.19059e-01  +9.63240e-01  +9.71747e-03
+1.09796e+03  +9.95736e-01  +1.87848e-01  +9.59204e-01  +9.96415e-03
+1.09838e+03  +1.13322e+00  +2.15504e-01  +9.69640e-01  +9.54341e-03
+1.09880e+03  +8.67240e-01  +1.87848e-01  +9.82512e-01  +1.01986e-02
+1.09922e+03  +7.73340e-01  +1.82440e-01  +9.86823e-01  +1.06992e-02
+1.09964e+03  +9.59481e-01  +1.98783e-01  +9.86291e-01  +1.06363e-02
+1.10007e+03  +9.61635e-01  +1.99091e-01  +9.85841e-01  +1.06454e-02
+1.10049e+03  +9.27495e-01  +1.99626e-01  +9.85794e-01  +1.07454e-02
+1.10091e+03  +9.60667e-01  +1.90515e-01  +9.85202e-01  +1.06805e-02
+1.10133e+03  +1.13243e+00  +1.93097e-01  +9.84034e-01  +1.04952e-02
+1.10175e+03  +9.85721e-01  +1.86080e-01  +9.83008e-01  +1.05154e-02
+1.10217e+03  +1.10705e+00  +1.93808e-01  +9.82398e-01  +1.06052e-02
+1.10260e+03  +8.40993e-01  +1.79367e-01  +9.80691e-01  +1.04250e-02
+1.10302e+03  +1.26162e+00  +2.09705e-01  +9.77996e-01  +1.00905e-02
+1.10344e+03  +8.74721e-01  +1.80141e-01  +9.76570e-01  +9.90735e-03
+1.10386e+03  +1.11676e+00  +1.95387e-01  +9.72684e-01  +9.64842e-03
+1.10428e+03  +1.05880e+00  +1.95745e-01  +9.71514e-01  +9.62448e-03
+1.10470e+03  +1.03124e+00  +1.96281e-01  +9.76963e-01  +1.00596e-02
+1.10513e+03  +1.03359e+00  +1.96713e-01  +9.79813e-01  +1.05070e-02
+1.10555e+03  +1.09650e+00  +1.96988e-01  +9.79808e-01  +1.05726e-02
+1.10597e+03  +1.03799e+00  +1.97501e-01  +9.79444e-01  +1.05803e-02
+1.10639e+03  +9.79075e-01  +1.82595e-01  +9.78599e-01  +1.06025e-02
+1.10681e+03  +1.34614e+00  +2.13384e-01  +9.74331e-01  +1.05174e-02
+1.10723e+03  +7.68952e-01  +1.68088e-01  +9.42155e-01  +1.03862e-02
+1.10766e+03  +9.23548e-01  +1.83852e-01  +8.59415e-01  +1.02070e-02
+1.10808e+03  +7.71862e-01  +1.68889e-01  +8.06167e-01  +9.15991e-03
+1.10850e+03  +9.89290e-01  +1.84492e-01  +8.53542e-01  +1.08061e-02
+1.10892e+03  +9.91856e-01  +1.84863e-01  +9.29265e-01  +1.01237e-02
+1.10934e+03  +1.08633e+00  +2.00582e-01  +9.67060e-01  +1.01143e-02
+1.10976e+03  +1.08945e+00  +2.01058e-01  +9.74658e-01  +1.02318e-02
+1.11019e+03  +8.63557e-01  +1.62754e-01  +9.73437e-01  +1.01582e-02
+1.11061e+03  +7.21922e-01  +1.71020e-01  +9.71621e-01  +1.01870e-02
+1.11103e+03  +1.10518e+00  +2.16778e-01  +9.71278e-01  +9.99111e-03
+1.11145e+03  +8.26469e-01  +2.28817e-01  +9.70735e-01  +9.82506e-03
+1.11187e+03  +7.77191e-01  +2.29264e-01  +9.68706e-01  +9.79712e-03
+1.11229e+03  +9.32225e-01  +2.42452e-01  +9.67469e-01  +9.85892e-03
+1.11272e+03  +8.82844e-01  +2.30295e-01  +9.69843e-01  +1.00665e-02
+1.11314e+03  +9.86999e-01  +2.56467e-01  +9.72184e-01  +1.01768e-02
+1.11356e+03  +8.35356e-01  +2.31176e-01  +9.72791e-01  +1.00793e-02
+1.11398e+03  +9.45573e-01  +1.98357e-01  +9.72317e-01  +9.96943e-03
+1.11440e+03  +1.02023e+00  +1.89936e-01  +9.69529e-01  +1.00087e-02
+1.11482e+03  +8.64076e-01  +1.82551e-01  +9.64382e-01  +1.01566e-02
+1.11524e+03  +9.29445e-01  +1.90900e-01  +9.62270e-01  +1.02925e-02
+1.11567e+03  +1.21798e+00  +2.07095e-01  +9.59916e-01  +1.03478e-02
+1.11609e+03  +8.69603e-01  +1.83738e-01  +9.54247e-01  +1.02771e-02
+1.11651e+03  +9.67739e-01  +1.92123e-01  +9.55781e-01  +9.72728e-03
+1.11693e+03  +1.00230e+00  +1.92476e-01  +9.61174e-01  +9.12885e-03
+1.11735e+03  +1.00405e+00  +1.92800e-01  +9.64390e-01  +8.86296e-03
+1.11777e+03  +1.23133e+00  +2.09306e-01  +9.65062e-01  +9.20788e-03
+1.11820e+03  +9.43333e-01  +1.93752e-01  +9.64894e-01  +1.04163e-02
+1.11862e+03  +6.54732e-01  +1.61890e-01  +9.64672e-01  +1.11000e-02
+1.11904e+03  +1.23910e+00  +2.10701e-01  +9.62579e-01  +1.07254e-02
+1.11946e+03  +1.04676e+00  +1.94856e-01  +9.60743e-01  +1.03788e-02
+1.11988e+03  +8.86729e-01  +1.87347e-01  +9.63003e-01  +1.06054e-02
+1.12030e+03  +1.31252e+00  +2.28458e-01  +9.64157e-01  +1.07578e-02
+1.12073e+03  +1.12037e+00  +2.12662e-01  +9.62487e-01  +1.05521e-02
+1.12115e+03  +1.22586e+00  +2.14250e-01  +9.61232e-01  +1.03961e-02
+1.12157e+03  +9.21286e-01  +1.84050e-01  +9.62009e-01  +1.04875e-02
+1.12199e+03  +8.64390e-01  +1.81115e-01  +9.62288e-01  +1.05975e-02
+1.12241e+03  +1.13043e+00  +2.14596e-01  +9.61464e-01  +1.05578e-02
+1.12283e+03  +9.01497e-01  +1.90302e-01  +9.52841e-01  +9.95111e-03
+1.12326e+03  +7.37964e-01  +1.74220e-01  +8.89956e-01  +9.03815e-03
+1.12368e+03  +9.71561e-01  +1.99430e-01  +7.85536e-01  +1.76907e-02
+1.12410e+03  +1.40529e+00  +2.33092e-01  +8.05184e-01  +1.67646e-02
+1.12452e+03  +9.41724e-01  +2.00279e-01  +8.78393e-01  +1.35566e-02
+1.12494e+03  +8.43401e-01  +1.83937e-01  +9.01108e-01  +1.43197e-02
+1.12536e+03  +1.21459e+00  +2.17855e-01  +9.27436e-01  +1.11969e-02
+1.12579e+03  +1.55341e+00  +2.43703e-01  +9.49166e-01  +1.03509e-02
+1.12621e+03  +1.15343e+00  +2.18917e-01  +9.54847e-01  +1.04959e-02
+1.12663e+03  +7.63806e-01  +1.78382e-01  +9.56051e-01  +1.03564e-02
+1.12705e+03  +8.31617e-01  +2.10274e-01  +9.53620e-01  +9.92958e-03
+1.12747e+03  +9.86930e-01  +2.25294e-01  +9.20424e-01  +9.21399e-03
+1.12789e+03  +9.43736e-01  +2.25542e-01  +8.23761e-01  +1.42840e-02
+1.12832e+03  +1.12702e+00  +2.48819e-01  +7.39017e-01  +2.15071e-02
+1.12874e+03  +9.03634e-01  +2.26754e-01  +7.73805e-01  +1.76651e-02
+1.12916e+03  +8.15214e-01  +2.16115e-01  +8.70876e-01  +1.08937e-02
+1.12958e+03  +9.45413e-01  +2.18429e-01  +9.28864e-01  +1.02464e-02
+1.13000e+03  +1.45289e+00  +2.40732e-01  +9.27756e-01  +1.10610e-02
+1.13042e+03  +1.45595e+00  +2.41313e-01  +9.12776e-01  +1.26867e-02
+1.13085e+03  +7.34295e-01  +1.72689e-01  +9.28873e-01  +1.10110e-02
+1.13127e+03  +6.31865e-01  +1.73389e-01  +9.49085e-01  +1.09533e-02
+1.13169e+03  +8.98218e-01  +2.10352e-01  +9.56228e-01  +1.13991e-02
+1.13211e+03  +1.05556e+00  +2.34370e-01  +9.57632e-01  +1.14593e-02
+1.13253e+03  +1.02157e+00  +2.19611e-01  +9.57423e-01  +1.14982e-02
+1.13295e+03  +1.06379e+00  +2.19807e-01  +9.56495e-01  +1.16014e-02
+1.13338e+03  +1.06388e+00  +2.36120e-01  +9.56129e-01  +1.15534e-02
+1.13380e+03  +7.65467e-01  +2.04855e-01  +9.55616e-01  +1.12654e-02
+1.13422e+03  +1.03245e+00  +2.30073e-01  +9.53468e-01  +1.10255e-02
+1.13464e+03  +1.02040e+00  +2.14533e-01  +9.52830e-01  +1.10075e-02
+1.13506e+03  +1.13998e+00  +2.12178e-01  +9.54289e-01  +1.12086e-02
+1.13548e+03  +1.24910e+00  +2.30373e-01  +9.55891e-01  +1.15225e-02
+1.13591e+03  +5.77424e-01  +1.60013e-01  +9.56305e-01  +1.16800e-02
+1.13633e+03  +1.11285e+00  +2.13698e-01  +9.55935e-01  +1.16711e-02
+1.13675e+03  +7.59324e-01  +1.78660e-01  +9.55346e-01  +1.16504e-02
+1.13717e+03  +1.04714e+00  +2.14915e-01  +9.54722e-01  +1.16797e-02
+1.13759e+03  +1.08598e+00  +2.15472e-01  +9.54073e-01  +1.17138e-02
+1.13801e+03  +9.09483e-01  +1.97840e-01  +9.53159e-01  +1.16782e-02
+1.13843e+03  +9.11829e-01  +1.98500e-01  +9.49587e-01  +1.14099e-02
+1.13886e+03  +8.05802e-01  +1.90169e-01  +9.34636e-01  +1.08430e-02
+1.13928e+03  +7.71896e-01  +1.81212e-01  +9.10185e-01  +1.15630e-02
+1.13970e+03  +1.02812e+00  +2.18078e-01  +9.03886e-01  +1.16283e-02
+1.14012e+03  +8.12434e-01  +1.91447e-01  +9.20608e-01  +1.06406e-02
+1.14054e+03  +6.31794e-01  +1.73609e-01  +9.39721e-01  +1.09211e-02
+1.14096e+03  +8.15708e-01  +1.92387e-01  +9.32625e-01  +1.08594e-02
+1.14139e+03  +1.00117e+00  +2.11065e-01  +9.04721e-01  +1.16342e-02
+1.14181e+03  +9.31234e-01  +2.02332e-01  +9.06488e-01  +1.15246e-02
+1.14223e+03  +9.33042e-01  +2.02959e-01  +9.33806e-01  +1.10497e-02
+1.14265e+03  +8.98595e-01  +2.03459e-01  +9.46735e-01  +1.15833e-02
+1.14307e+03  +7.53035e-01  +1.85477e-01  +9.47507e-01  +1.15928e-02
+1.14349e+03  +1.05132e+00  +2.22953e-01  +9.44899e-01  +1.13877e-02
+1.14392e+03  +7.19352e-01  +1.86400e-01  +9.35910e-01  +1.09674e-02
+1.14434e+03  +8.76150e-01  +1.91899e-01  +9.19689e-01  +1.11551e-02
+1.14476e+03  +6.68236e-01  +1.74824e-01  +9.09662e-01  +1.17598e-02
+1.14518e+03  +5.75216e-01  +1.69156e-01  +9.19203e-01  +1.11917e-02
+1.14560e+03  +8.77352e-01  +2.07155e-01  +9.36891e-01  +1.12237e-02
+1.14602e+03  +6.91241e-01  +1.89023e-01  +9.44072e-01  +1.16273e-02
+1.14645e+03  +1.22165e+00  +2.26944e-01  +9.44545e-01  +1.16723e-02
+1.14687e+03  +8.45656e-01  +1.99350e-01  +9.44220e-01  +1.16470e-02
+1.14729e+03  +1.07538e+00  +2.28207e-01  +9.43945e-01  +1.16375e-02
+1.14771e+03  +9.25184e-01  +2.09553e-01  +9.43697e-01  +1.16703e-02
+1.14813e+03  +9.04259e-01  +2.11967e-01  +9.42836e-01  +1.17621e-02
+1.14855e+03  +8.34505e-01  +2.23397e-01  +9.41033e-01  +1.19895e-02
+1.14898e+03  +9.77879e-01  +2.35632e-01  +9.39593e-01  +1.22003e-02
+1.14940e+03  +8.86032e-01  +2.36389e-01  +9.39128e-01  +1.22119e-02
+1.14982e+03  +7.93924e-01  +2.13221e-01  +9.38636e-01  +1.21305e-02
+1.15024e+03  +9.85345e-01  +2.37188e-01  +9.39190e-01  +1.18816e-02
+1.15066e+03  +1.27286e+00  +2.61775e-01  +9.38859e-01  +1.15706e-02
+1.15108e+03  +6.44471e-01  +1.99024e-01  +9.38350e-01  +1.14558e-02
+1.15151e+03  +9.47517e-01  +2.14678e-01  +9.39891e-01  +1.17364e-02
+1.15193e+03  +9.50499e-01  +2.15245e-01  +9.40311e-01  +1.19271e-02
+1.15235e+03  +9.91787e-01  +2.15595e-01  +9.38333e-01  +1.19297e-02
+1.15277e+03  +1.03374e+00  +2.16402e-01  +9.35976e-01  +1.19138e-02
+1.15319e+03  +8.79553e-01  +2.07121e-01  +9.37018e-01  +1.18140e-02
+1.15361e+03  +8.42826e-01  +1.97606e-01  +9.37187e-01  +1.16052e-02
+1.15404e+03  +9.63828e-01  +2.18061e-01  +9.36392e-01  +1.15630e-02
+1.15446e+03  +8.47519e-01  +1.98656e-01  +9.36669e-01  +1.17636e-02
+1.15488e+03  +1.08881e+00  +2.29139e-01  +9.36434e-01  +1.17647e-02
+1.15530e+03  +1.01186e+00  +2.19824e-01  +9.34712e-01  +1.16932e-02
+1.15572e+03  +1.09427e+00  +2.30317e-01  +9.30027e-01  +1.17744e-02
+1.15614e+03  +8.96366e-01  +2.11046e-01  +9.26551e-01  +1.18046e-02
+1.15657e+03  +6.81218e-01  +1.88230e-01  +9.31101e-01  +1.18133e-02
+1.15699e+03  +6.82944e-01  +1.88702e-01  +9.33990e-01  +1.19035e-02
+1.15741e+03  +9.03554e-01  +2.12755e-01  +9.31472e-01  +1.19219e-02
+1.15783e+03  +7.84697e-01  +2.03149e-01  +9.24861e-01  +1.17831e-02
+1.15825e+03  +1.11193e+00  +2.34122e-01  +9.21455e-01  +1.17316e-02
+1.15867e+03  +9.92841e-01  +2.24609e-01  +9.26345e-01  +1.19892e-02
+1.15910e+03  +7.50026e-01  +2.04985e-01  +9.29302e-01  +1.20682e-02
+1.15952e+03  +1.20246e+00  +2.46318e-01  +9.30194e-01  +1.19448e-02
+1.15994e+03  +1.41094e+00  +2.67414e-01  +9.29809e-01  +1.24145e-02
+1.16036e+03  +7.55924e-01  +2.06601e-01  +9.27873e-01  +1.30562e-02
+1.16078e+03  +9.22818e-01  +2.17347e-01  +9.31569e-01  +1.26197e-02
+1.16120e+03  +9.47805e-01  +2.40622e-01  +9.33821e-01  +1.23390e-02
+1.16162e+03  +1.24362e+00  +3.21866e-01  +9.31641e-01  +1.26602e-02
+1.16205e+03  +8.40157e-01  +2.71724e-01  +9.28848e-01  +1.31766e-02
+1.16247e+03  +9.78209e-01  +2.89885e-01  +9.30945e-01  +1.28910e-02
+1.16289e+03  +5.72395e-01  +2.39862e-01  +9.28918e-01  +1.23996e-02
+1.16331e+03  +5.05613e-01  +2.23534e-01  +9.22622e-01  +1.19777e-02
+1.16373e+03  +1.12278e+00  +3.08865e-01  +9.23619e-01  +1.20179e-02
+1.16415e+03  +8.29849e-01  +2.35814e-01  +9.25106e-01  +1.23965e-02
+1.16458e+03  +9.90528e-01  +2.30027e-01  +9.20243e-01  +1.20967e-02
+1.16500e+03  +8.08872e-01  +2.30894e-01  +9.12225e-01  +1.18094e-02
+1.16542e+03  +1.03420e+00  +2.61247e-01  +9.07448e-01  +1.18662e-02
+1.16584e+03  +7.98649e-01  +2.28488e-01  +9.03465e-01  +1.17508e-02
+1.16626e+03  +9.71802e-01  +2.26125e-01  +9.13807e-01  +1.18795e-02
+1.16668e+03  +8.74697e-01  +2.15018e-01  +9.18115e-01  +1.20617e-02
+1.16711e+03  +1.22127e+00  +2.58551e-01  +9.15154e-01  +1.28913e-02
+1.16753e+03  +7.93475e-01  +2.16133e-01  +9.06138e-01  +1.44703e-02
+1.16795e+03  +5.36006e-01  +1.73601e-01  +9.06647e-01  +1.44424e-02
+1.16837e+03  +4.94010e-01  +1.74252e-01  +8.89722e-01  +1.34528e-02
+1.16879e+03  +9.01840e-01  +2.13774e-01  +8.59374e-01  +1.32147e-02
+1.16921e+03  +9.03844e-01  +2.14268e-01  +8.87596e-01  +1.26929e-02
+1.16964e+03  +1.15534e+00  +2.41204e-01  +9.13912e-01  +1.23953e-02
+1.17006e+03  +6.75253e-01  +1.97974e-01  +9.13578e-01  +1.20171e-02
+1.17048e+03  +1.02923e+00  +2.42514e-01  +8.99492e-01  +1.17824e-02
+1.17090e+03  +6.34859e-01  +1.99256e-01  +8.89187e-01  +1.18571e-02
+1.17132e+03  +7.69364e-01  +2.10829e-01  +8.98740e-01  +1.18102e-02
+1.17174e+03  +6.82346e-01  +2.00223e-01  +9.03522e-01  +1.19235e-02
+1.17217e+03  +9.95278e-01  +2.34144e-01  +9.04528e-01  +1.21219e-02
+1.17259e+03  +5.96205e-01  +1.90281e-01  +9.09029e-01  +1.24286e-02
+1.17301e+03  +9.11206e-01  +2.24301e-01  +9.11051e-01  +1.23994e-02
+1.17343e+03  +6.00155e-01  +1.91624e-01  +9.10245e-01  +1.23947e-02
+1.17385e+03  +6.91810e-01  +2.03361e-01  +9.09739e-01  +1.25123e-02
+1.17427e+03  +8.73862e-01  +2.26310e-01  +8.98345e-01  +1.22612e-02
+1.17470e+03  +1.05718e+00  +2.49617e-01  +8.02113e-01  +1.22901e-02
+1.17512e+03  +6.50955e-01  +2.04880e-01  +6.07063e-01  +2.22156e-02
+1.17554e+03  +8.81001e-01  +2.28289e-01  +5.32462e-01  +2.73714e-02
+1.17596e+03  +8.83512e-01  +2.28922e-01  +6.17130e-01  +2.35314e-02
+1.17638e+03  +6.57082e-01  +2.06949e-01  +7.88731e-01  +1.47568e-02
+1.17680e+03  +4.60081e-01  +1.83261e-01  +8.82961e-01  +1.30514e-02
+1.17723e+03  +7.92538e-01  +2.44411e-01  +9.02032e-01  +1.30856e-02
+1.17765e+03  +6.74141e-01  +2.46749e-01  +9.04746e-01  +1.27860e-02
+1.17807e+03  +1.23025e+00  +3.08366e-01  +9.05740e-01  +1.25049e-02
+1.17849e+03  +9.86976e-01  +2.78513e-01  +9.06674e-01  +1.23808e-02
+1.17891e+03  +1.05118e+00  +2.79398e-01  +9.08931e-01  +1.24256e-02
+1.17933e+03  +9.30728e-01  +2.80468e-01  +9.10784e-01  +1.24218e-02
+1.17976e+03  +8.26019e-01  +2.53495e-01  +9.11122e-01  +1.24043e-02
+1.18018e+03  +7.03809e-01  +2.20208e-01  +9.10062e-01  +1.23688e-02
+1.18060e+03  +8.18741e-01  +2.24946e-01  +9.08140e-01  +1.22349e-02
+1.18102e+03  +5.53805e-01  +1.81958e-01  +9.08104e-01  +1.22492e-02
+1.18144e+03  +9.30241e-01  +2.65032e-01  +9.06629e-01  +1.22050e-02
+1.18186e+03  +3.87821e-01  +2.24060e-01  +9.07214e-01  +1.23091e-02
+1.18229e+03  +8.53834e-01  +3.03887e-01  +8.96941e-01  +1.22002e-02
+1.18271e+03  +7.97791e-01  +2.65829e-01  +8.65481e-01  +1.16069e-02
+1.18313e+03  +8.13888e-01  +2.51299e-01  +8.56307e-01  +1.14120e-02
+1.18355e+03  +8.75042e-01  +2.66655e-01  +8.84439e-01  +1.14953e-02
+1.18397e+03  +9.96671e-01  +2.67323e-01  +8.56127e-01  +1.08696e-02
+1.18439e+03  +9.87644e-01  +2.66273e-01  +7.96314e-01  +1.26195e-02
+1.18481e+03  +6.20296e-01  +2.00432e-01  +8.49362e-01  +1.13191e-02
+1.18524e+03  +7.97659e-01  +2.20118e-01  +8.98050e-01  +1.20138e-02
+1.18566e+03  +7.51408e-01  +2.21060e-01  +9.07827e-01  +1.24623e-02
+1.18608e+03  +9.01151e-01  +2.46440e-01  +9.08833e-01  +1.25233e-02
+1.18650e+03  +8.55111e-01  +2.34837e-01  +9.06717e-01  +1.24182e-02
+1.18692e+03  +1.30285e+00  +2.72268e-01  +9.07092e-01  +1.24443e-02
+1.18734e+03  +9.59011e-01  +2.48504e-01  +9.08032e-01  +1.24365e-02
+1.18777e+03  +1.01151e+00  +2.49082e-01  +9.07532e-01  +1.23656e-02
+1.18819e+03  +8.64599e-01  +2.37732e-01  +9.06208e-01  +1.23205e-02
+1.18861e+03  +1.06731e+00  +2.50667e-01  +9.04874e-01  +1.22784e-02
+1.18903e+03  +7.69647e-01  +2.26577e-01  +9.04518e-01  +1.21284e-02
+1.18945e+03  +8.22826e-01  +2.27345e-01  +9.04140e-01  +1.19612e-02
+1.18987e+03  +6.74065e-01  +2.15770e-01  +9.03376e-01  +1.18491e-02
+1.19030e+03  +2.70518e-01  +1.53172e-01  +9.01191e-01  +1.17098e-02
+1.19072e+03  +1.03437e+00  +2.54607e-01  +8.90792e-01  +1.13448e-02
+1.19114e+03  +7.82653e-01  +2.30222e-01  +8.77946e-01  +1.12514e-02
+1.19156e+03  +8.35867e-01  +2.30680e-01  +8.89761e-01  +1.12200e-02
+1.19198e+03  +7.86851e-01  +2.31610e-01  +8.98893e-01  +1.14700e-02
+1.19240e+03  +6.34849e-01  +2.06714e-01  +8.98607e-01  +1.13830e-02
+1.19283e+03  +6.88106e-01  +2.20241e-01  +8.96571e-01  +1.11475e-02
+1.19325e+03  +8.97410e-01  +2.46950e-01  +8.93905e-01  +1.10407e-02
+1.19367e+03  +9.01280e-01  +2.47758e-01  +8.92015e-01  +1.10587e-02
+1.19409e+03  +4.96760e-01  +1.99133e-01  +8.90563e-01  +1.11572e-02
+1.19451e+03  +6.28643e-01  +2.68615e-01  +8.91664e-01  +1.10935e-02
+1.19493e+03  +8.91522e-01  +3.21976e-01  +8.92558e-01  +1.09936e-02
+1.19536e+03  +7.23029e-01  +3.02014e-01  +8.89201e-01  +1.09118e-02
+1.19578e+03  +1.45577e+00  +3.37862e-01  +8.75582e-01  +1.09354e-02
+1.19620e+03  +8.15349e-01  +2.39388e-01  +8.59543e-01  +1.11733e-02
+1.19662e+03  +1.35004e+00  +2.93363e-01  +8.69340e-01  +1.09303e-02
+1.19704e+03  +1.46186e+00  +3.07933e-01  +8.77065e-01  +1.08329e-02
+1.19746e+03  +1.09094e+00  +2.68572e-01  +8.76442e-01  +1.08517e-02
+1.19789e+03  +6.96237e-01  +2.24641e-01  +8.75160e-01  +1.08806e-02
+1.19831e+03  +1.27319e+00  +3.55530e-01  +8.76059e-01  +1.07851e-02
+1.19873e+03  +9.67378e-01  +3.43748e-01  +8.79209e-01  +1.06618e-02
+1.19915e+03  +6.26714e-01  +2.81066e-01  +8.81786e-01  +1.06633e-02
+1.19957e+03  +3.69617e-01  +2.39341e-01  +8.82248e-01  +1.08053e-02
+1.19999e+03  +1.32121e+00  +3.89476e-01  +8.80568e-01  +1.08326e-02
+1.20042e+03  +1.06500e+00  +3.47247e-01  +8.77263e-01  +1.08630e-02
+1.20084e+03  +1.50231e+00  +3.91782e-01  +8.74422e-01  +1.10183e-02
+1.20126e+03  +7.31392e-01  +2.76298e-01  +8.71194e-01  +1.09795e-02
+1.20168e+03  +7.30025e-01  +2.71893e-01  +8.43858e-01  +1.23099e-02
+1.20210e+03  +8.07706e-01  +2.55281e-01  +8.11536e-01  +1.51766e-02
+1.20252e+03  +1.33446e+00  +3.14011e-01  +8.44429e-01  +1.19647e-02
+1.20295e+03  +6.85775e-01  +2.23365e-01  +8.70123e-01  +1.08609e-02
+1.20337e+03  +9.66114e-01  +2.65844e-01  +8.72294e-01  +1.09218e-02
+1.20379e+03  +3.52892e-01  +1.83189e-01  +8.72058e-01  +1.08779e-02
+1.20421e+03  +8.03230e-01  +2.53391e-01  +8.71230e-01  +1.08931e-02
+1.20463e+03  +1.03162e+00  +2.82118e-01  +8.70105e-01  +1.09082e-02
+1.20505e+03  +8.66132e-01  +2.54772e-01  +8.67656e-01  +1.09933e-02
+1.20548e+03  +1.15220e+00  +2.83206e-01  +8.60622e-01  +1.11843e-02
+1.20590e+03  +8.15034e-01  +2.56189e-01  +8.22677e-01  +1.24951e-02
+1.20632e+03  +5.90265e-01  +2.28699e-01  +7.66260e-01  +1.64675e-02
+1.20674e+03  +9.35320e-01  +2.57371e-01  +7.94269e-01  +1.43617e-02
+1.20716e+03  +4.38665e-01  +1.87985e-01  +8.42737e-01  +1.16397e-02
+1.20758e+03  +1.02864e+00  +2.68248e-01  +8.57279e-01  +1.11623e-02
+1.20800e+03  +1.05895e+00  +2.88274e-01  +8.57387e-01  +1.11696e-02
+1.20843e+03  +6.57876e-01  +2.31866e-01  +8.55985e-01  +1.12500e-02
+1.20885e+03  +1.23908e+00  +2.89673e-01  +8.55453e-01  +1.11997e-02
+1.20927e+03  +1.06870e+00  +2.91016e-01  +8.54939e-01  +1.11765e-02
+1.20969e+03  +1.23846e+00  +3.02358e-01  +8.53266e-01  +1.12690e-02
+1.21011e+03  +9.85630e-01  +3.02322e-01  +8.49888e-01  +1.12850e-02
+1.21053e+03  +1.01306e+00  +3.11532e-01  +8.45203e-01  +1.12477e-02
+1.21096e+03  +1.36016e+00  +3.78891e-01  +8.37839e-01  +1.07360e-02
+1.21138e+03  +2.46665e+00  +6.22812e-01  +8.28245e-01  +1.07169e-02
+1.21180e+03  +1.23395e+00  +3.96629e-01  +8.36666e-01  +1.06452e-02
+1.21222e+03  +1.87333e+00  +4.82007e-01  +8.42556e-01  +1.12144e-02
+1.21264e+03  +2.84217e+00  +5.79648e-01  +8.37197e-01  +1.12008e-02
+1.21306e+03  +4.10593e+00  +6.77905e-01  +8.29988e-01  +1.11579e-02
+1.21349e+03  +5.28130e+00  +7.52572e-01  +8.32585e-01  +1.16953e-02
+1.21391e+03  +8.79642e+00  +9.73100e-01  +8.34448e-01  +1.22017e-02
+1.21433e+03  +1.03650e+01  +8.23772e-01  +8.27181e-01  +1.20612e-02
+1.21475e+03  +1.24734e+01  +9.16375e-01  +7.57186e-01  +1.22793e-02
+1.21517e+03  +1.29206e+01  +9.77966e-01  +5.91414e-01  +1.51615e-02
+1.21559e+03  +1.59893e+01  +1.08960e+00  +5.02966e-01  +2.05591e-02
+1.21602e+03  +2.54597e+01  +1.37788e+00  +6.07541e-01  +1.99623e-02
+1.21644e+03  +3.60229e+01  +1.64267e+00  +7.64728e-01  +1.48373e-02
+1.21686e+03  +3.45502e+01  +1.61065e+00  +8.16425e-01  +1.39050e-02
+1.21728e+03  +2.67079e+01  +1.41694e+00  +8.08467e-01  +1.51755e-02
+1.21770e+03  +1.98769e+01  +1.22329e+00  +8.02030e-01  +1.55504e-02
+1.21812e+03  +1.39857e+01  +1.02693e+00  +8.17249e-01  +1.35997e-02
+1.21855e+03  +9.27024e+00  +8.36803e-01  +8.17750e-01  +1.33217e-02
+1.21897e+03  +6.70924e+00  +6.66087e-01  +8.25656e-01  +1.27214e-02
+1.21939e+03  +4.16957e+00  +5.26131e-01  +8.39103e-01  +1.18974e-02
+1.21981e+03  +2.31922e+00  +4.03396e-01  +8.39215e-01  +1.18528e-02
+1.22023e+03  +2.13859e+00  +4.04729e-01  +8.37225e-01  +1.16116e-02
+1.22065e+03  +2.26861e+00  +4.05401e-01  +8.26488e-01  +1.16980e-02
+1.22108e+03  +1.53160e+00  +3.21401e-01  +8.05020e-01  +1.26133e-02
+1.22150e+03  +1.65122e+00  +3.51379e-01  +8.19385e-01  +1.26099e-02
+1.22192e+03  +8.43887e-01  +2.67898e-01  +8.41536e-01  +1.18451e-02
+1.22234e+03  +8.46945e-01  +2.68867e-01  +8.41358e-01  +1.13764e-02
+1.22276e+03  +8.49247e-01  +2.69594e-01  +8.22073e-01  +1.17831e-02
+1.22318e+03  +4.07691e-01  +2.07043e-01  +8.08535e-01  +1.34061e-02
+1.22361e+03  +8.52957e-01  +2.70926e-01  +8.20129e-01  +1.37894e-02
+1.22403e+03  +1.10915e+00  +3.03287e-01  +8.39272e-01  +1.25139e-02
+1.22445e+03  +1.30345e+00  +3.19766e-01  +8.56113e-01  +1.20375e-02
+1.22487e+03  +9.23432e-01  +2.88867e-01  +8.63283e-01  +1.25107e-02
+1.22529e+03  +9.26188e-01  +2.89298e-01  +8.62394e-01  +1.34581e-02
+1.22571e+03  +1.25018e+00  +3.22146e-01  +8.57977e-01  +1.47130e-02
+1.22614e+03  +1.18922e+00  +3.23277e-01  +8.58090e-01  +1.57121e-02
+1.22656e+03  +8.88413e-01  +2.80845e-01  +8.60973e-01  +1.59979e-02
+1.22698e+03  +1.06942e+00  +3.29169e-01  +8.57564e-01  +1.65537e-02
+1.22740e+03  +1.03840e+00  +3.45883e-01  +8.47292e-01  +1.78969e-02
+1.22782e+03  +1.63395e+00  +5.16546e-01  +8.35034e-01  +2.04174e-02
+1.22824e+03  +7.18558e-01  +4.49508e-01  +8.20727e-01  +2.35240e-02
+1.22867e+03  +3.65397e-01  +3.43559e-01  +8.04633e-01  +2.71046e-02
+1.22909e+03  +7.22793e-01  +4.52741e-01  +7.97665e-01  +2.86078e-02
+1.22951e+03  +1.08162e+00  +5.41743e-01  +7.83191e-01  +3.02161e-02
+1.22993e+03  +4.29964e-01  +3.41653e-01  +7.61442e-01  +3.33503e-02
+1.23035e+03  +6.96419e-01  +3.24699e-01  +7.43256e-01  +3.69411e-02
+1.23077e+03  +1.12984e+00  +4.06022e-01  +7.43168e-01  +3.99132e-02
+1.23119e+03  +9.17144e-01  +3.80588e-01  +7.51828e-01  +4.26503e-02
+1.23162e+03  +4.71823e-01  +3.21905e-01  +7.54071e-01  +4.43002e-02
+1.23204e+03  +7.41955e-01  +3.20728e-01  +7.52055e-01  +4.49919e-02
+1.23246e+03  +7.31797e-01  +2.88299e-01  +7.49217e-01  +4.50719e-02
+1.23288e+03  +8.16886e-01  +3.10297e-01  +7.46904e-01  +4.36802e-02
+1.23330e+03  +9.84544e-01  +3.31256e-01  +7.45699e-01  +4.07099e-02
+1.23372e+03  +6.56168e-01  +2.91280e-01  +7.45768e-01  +3.79006e-02
+1.23415e+03  +6.58751e-01  +2.91940e-01  +7.45128e-01  +3.62508e-02
+1.23457e+03  +6.88421e-01  +2.74272e-01  +7.44400e-01  +3.53063e-02
+1.23499e+03  +8.05585e-01  +2.60746e-01  +7.47066e-01  +3.44083e-02
+1.23541e+03  +5.27865e-01  +2.23487e-01  +7.50227e-01  +3.31088e-02
+1.23583e+03  +9.89864e-01  +3.08309e-01  +7.53278e-01  +3.14917e-02
+1.23625e+03  +6.49888e-01  +2.58129e-01  +7.57195e-01  +2.95559e-02
+1.23668e+03  +1.06479e+00  +3.10001e-01  +7.62331e-01  +2.73242e-02
+1.23710e+03  +7.92269e-01  +2.76638e-01  +7.68632e-01  +2.45836e-02
+1.23752e+03  +1.20807e+00  +3.28941e-01  +7.77460e-01  +2.15569e-02
+1.23794e+03  +9.33623e-01  +2.95475e-01  +7.83366e-01  +1.82456e-02
+1.23836e+03  +8.67327e-01  +2.78570e-01  +7.60303e-01  +1.44437e-02
+1.23878e+03  +6.61097e-01  +2.62519e-01  +7.41092e-01  +1.24973e-02
+1.23921e+03  +1.15178e+00  +3.14814e-01  +8.16299e-01  +1.49068e-02
+1.23963e+03  +3.85082e-01  +2.11250e-01  +8.57472e-01  +1.58131e-02
+1.24005e+03  +1.29736e+00  +3.51560e-01  +8.53100e-01  +1.50791e-02
+1.24047e+03  +9.48631e-01  +2.99554e-01  +8.52801e-01  +1.45655e-02
+1.24089e+03  +8.10091e-01  +2.82604e-01  +8.54314e-01  +1.36919e-02
+1.24131e+03  +8.82230e-01  +2.83057e-01  +8.56056e-01  +1.22162e-02
+1.24174e+03  +4.59483e-01  +2.31438e-01  +8.60940e-01  +1.09578e-02
+1.24216e+03  +6.01831e-01  +2.49468e-01  +8.69949e-01  +1.15424e-02
+1.24258e+03  +8.88056e-01  +2.85585e-01  +9.03324e-01  +1.70760e-02
+1.24300e+03  +1.38925e+00  +3.57354e-01  +9.66980e-01  +2.67794e-02
+1.24342e+03  +9.20359e-01  +3.15474e-01  +9.88334e-01  +2.94763e-02
+1.24384e+03  +1.39884e+00  +4.19856e-01  +9.77140e-01  +2.69838e-02
+1.24427e+03  +8.66430e-01  +3.35204e-01  +9.62688e-01  +2.40521e-02
+1.24469e+03  +1.72846e+00  +4.55394e-01  +9.50660e-01  +2.16441e-02
+1.24511e+03  +1.54172e+00  +4.32305e-01  +9.39159e-01  +1.97153e-02
+1.24553e+03  +1.64187e+00  +4.33458e-01  +9.28740e-01  +1.81208e-02
+1.24595e+03  +8.75182e-01  +3.38333e-01  +9.18650e-01  +1.69021e-02
+1.24637e+03  +1.07007e+00  +3.87993e-01  +9.05828e-01  +1.55124e-02
+1.24680e+03  +8.79581e-01  +3.40385e-01  +8.83060e-01  +1.47251e-02
+1.24722e+03  +9.79069e-01  +3.65281e-01  +8.35146e-01  +1.77722e-02
+1.24764e+03  +8.79024e-01  +3.34225e-01  +7.91199e-01  +2.03084e-02
+1.24806e+03  +8.71512e-01  +3.02487e-01  +8.24948e-01  +1.54579e-02
+1.24848e+03  +1.16858e+00  +3.61387e-01  +8.69375e-01  +1.32480e-02
+1.24890e+03  +9.91156e-01  +3.63426e-01  +8.82170e-01  +1.30663e-02
+1.24933e+03  +1.00077e+00  +3.39424e-01  +8.81449e-01  +1.30804e-02
+1.24975e+03  +7.47955e-01  +2.97653e-01  +8.77054e-01  +1.31494e-02
+1.25017e+03  +9.09190e-01  +3.43321e-01  +8.65144e-01  +1.34123e-02
+1.25059e+03  +1.00193e+00  +3.66292e-01  +8.55082e-01  +1.37695e-02
+1.25101e+03  +1.09483e+00  +3.66866e-01  +8.61153e-01  +1.37182e-02
+1.25143e+03  +1.37091e+00  +3.70866e-01  +8.69938e-01  +1.35729e-02
+1.25185e+03  +7.88232e-01  +3.01366e-01  +8.71678e-01  +1.36411e-02
+1.25228e+03  +1.01420e+00  +3.20577e-01  +8.69401e-01  +1.38779e-02
+1.25270e+03  +6.40279e-01  +2.64552e-01  +8.64171e-01  +1.42880e-02
+1.25312e+03  +6.42224e-01  +2.65519e-01  +8.51839e-01  +1.53125e-02
+1.25354e+03  +4.15916e-01  +2.28037e-01  +8.38189e-01  +1.63752e-02
+1.25396e+03  +1.09872e+00  +3.41769e-01  +8.48346e-01  +1.50123e-02
+1.25438e+03  +6.46478e-01  +2.67302e-01  +8.61287e-01  +1.42053e-02
+1.25481e+03  +6.47317e-01  +2.67486e-01  +8.57579e-01  +1.42252e-02
+1.25523e+03  +1.41126e+00  +3.82578e-01  +8.50996e-01  +1.45035e-02
+1.25565e+03  +9.55540e-01  +3.06351e-01  +8.59547e-01  +1.42078e-02
+1.25607e+03  +9.56374e-01  +3.07246e-01  +8.60827e-01  +1.41682e-02
+1.25649e+03  +9.58125e-01  +3.07947e-01  +8.54591e-01  +1.43032e-02
+1.25691e+03  +4.97761e-01  +2.51834e-01  +8.60166e-01  +1.41671e-02
+1.25734e+03  +8.83704e-01  +3.09634e-01  +8.63522e-01  +1.41393e-02
+1.25776e+03  +6.53729e-01  +2.71419e-01  +8.62489e-01  +1.41815e-02
+1.25818e+03  +1.27410e+00  +3.48752e-01  +8.59287e-01  +1.42718e-02
+1.25860e+03  +1.12151e+00  +3.50034e-01  +8.49816e-01  +1.45983e-02
+1.25902e+03  +5.02529e-01  +2.53954e-01  +8.48318e-01  +1.46884e-02
+1.25944e+03  +1.04763e+00  +3.31863e-01  +8.58279e-01  +1.42518e-02
+1.25987e+03  +2.69627e-01  +2.14609e-01  +8.62817e-01  +1.40824e-02
+1.26029e+03  +5.83467e-01  +2.75263e-01  +8.60148e-01  +1.42535e-02
+1.26071e+03  +5.06771e-01  +2.56354e-01  +8.56440e-01  +1.44413e-02
+1.26113e+03  +6.57685e-01  +3.01237e-01  +8.58183e-01  +1.42608e-02
+1.26155e+03  +4.41379e-01  +3.20373e-01  +8.59672e-01  +1.40952e-02
+1.26197e+03  +1.46765e+00  +5.14627e-01  +8.59861e-01  +1.40586e-02
+1.26240e+03  +5.71592e-01  +3.56287e-01  +8.61838e-01  +1.39935e-02
+1.26282e+03  +1.34471e+00  +4.84754e-01  +8.62705e-01  +1.39708e-02
+1.26324e+03  +1.34663e+00  +4.85615e-01  +8.62267e-01  +1.39700e-02
+1.26366e+03  +1.47921e+00  +5.18723e-01  +8.61843e-01  +1.39579e-02
+1.26408e+03  +8.35277e-01  +3.91132e-01  +8.60935e-01  +1.39988e-02
+1.26450e+03  +1.00869e+00  +3.23392e-01  +8.59512e-01  +1.41017e-02
+1.26493e+03  +9.90115e-01  +3.17837e-01  +8.58800e-01  +1.40533e-02
+1.26535e+03  +1.07738e+00  +3.41812e-01  +8.54553e-01  +1.40662e-02
+1.26577e+03  +1.40119e+00  +3.82335e-01  +8.43292e-01  +1.46036e-02
+1.26619e+03  +9.20710e-01  +3.23052e-01  +8.35928e-01  +1.51892e-02
+1.26661e+03  +9.21760e-01  +3.23747e-01  +8.46204e-01  +1.44829e-02
+1.26703e+03  +1.16541e+00  +3.64260e-01  +8.56043e-01  +1.41738e-02
+1.26746e+03  +1.16745e+00  +3.65142e-01  +8.58335e-01  +1.41084e-02
+1.26788e+03  +1.00697e+00  +3.25584e-01  +8.59721e-01  +1.40757e-02
+1.26830e+03  +3.57895e-01  +2.44332e-01  +8.60148e-01  +1.41450e-02
+1.26872e+03  +5.21123e-01  +2.66318e-01  +8.58522e-01  +1.42943e-02
+1.26914e+03  +9.29991e-01  +3.27860e-01  +8.56957e-01  +1.44210e-02
+1.26956e+03  +6.86495e-01  +2.87826e-01  +8.57107e-01  +1.44439e-02
+1.26999e+03  +6.06645e-01  +2.88578e-01  +8.53966e-01  +1.45985e-02
+1.27041e+03  +7.72935e-01  +3.09241e-01  +8.49717e-01  +1.48353e-02
+1.27083e+03  +1.43263e+00  +3.92004e-01  +8.50836e-01  +1.48652e-02
+1.27125e+03  +9.41334e-01  +3.30724e-01  +8.56016e-01  +1.47329e-02
+1.27167e+03  +1.35738e+00  +3.72256e-01  +8.55682e-01  +1.48221e-02
+1.27209e+03  +1.11275e+00  +3.53225e-01  +8.52667e-01  +1.50521e-02
+1.27252e+03  +1.44717e+00  +3.95095e-01  +8.55667e-01  +1.48569e-02
+1.27294e+03  +6.18589e-01  +2.92710e-01  +8.56840e-01  +1.47726e-02
+1.27336e+03  +7.02752e-01  +2.92554e-01  +8.52342e-01  +1.49356e-02
+1.27378e+03  +7.87738e-01  +3.14267e-01  +8.50920e-01  +1.50409e-02
+1.27420e+03  +1.29168e+00  +3.77269e-01  +8.55844e-01  +1.48737e-02
+1.27462e+03  +7.07898e-01  +2.94401e-01  +8.59579e-01  +1.47753e-02
+1.27504e+03  +1.04411e+00  +3.36919e-01  +8.60371e-01  +1.47995e-02
+1.27547e+03  +7.10360e-01  +2.95563e-01  +8.60203e-01  +1.48613e-02
+1.27589e+03  +4.59070e-01  +2.54096e-01  +8.59053e-01  +1.49124e-02
+1.27631e+03  +1.22075e+00  +3.81192e-01  +8.51364e-01  +1.49516e-02
+1.27673e+03  +4.87481e-01  +2.64975e-01  +8.36799e-01  +1.53674e-02
+1.27715e+03  +1.01999e+00  +3.88068e-01  +8.36777e-01  +1.55374e-02
+1.27757e+03  +6.82457e-01  +3.40450e-01  +8.47852e-01  +1.53541e-02
+1.27800e+03  +3.45606e-01  +2.77069e-01  +8.46406e-01  +1.56840e-02
+1.27842e+03  +1.02495e+00  +3.97529e-01  +8.38824e-01  +1.58887e-02
+1.27884e+03  +6.86065e-01  +3.41939e-01  +8.40815e-01  +1.56014e-02
+1.27926e+03  +1.14156e+00  +4.28494e-01  +8.52179e-01  +1.52424e-02
+1.27968e+03  +8.02532e-01  +3.72529e-01  +8.57664e-01  +1.50162e-02
+1.28010e+03  +8.33061e-01  +3.36835e-01  +8.57856e-01  +1.50374e-02
+1.28053e+03  +1.32762e+00  +3.66511e-01  +8.57179e-01  +1.51127e-02
+1.28095e+03  +1.13142e+00  +3.87169e-01  +8.55791e-01  +1.51976e-02
+1.28137e+03  +7.35653e-01  +3.46206e-01  +8.53209e-01  +1.53108e-02
+1.28179e+03  +7.34877e-01  +3.46801e-01  +8.50848e-01  +1.54291e-02
+1.28221e+03  +9.48955e-01  +3.73659e-01  +8.50386e-01  +1.54716e-02
+1.28263e+03  +8.43697e-01  +3.75090e-01  +8.53188e-01  +1.53857e-02
+1.28306e+03  +1.59188e+00  +4.81947e-01  +8.54005e-01  +1.53748e-02
+1.28348e+03  +9.54228e-01  +3.76310e-01  +8.51044e-01  +1.54387e-02
+1.28390e+03  +7.43235e-01  +3.50287e-01  +8.43560e-01  +1.56497e-02
+1.28432e+03  +1.92403e+00  +5.11294e-01  +8.39663e-01  +1.57580e-02
+1.28474e+03  +8.25723e-01  +3.35087e-01  +8.46695e-01  +1.56535e-02
+1.28516e+03  +1.09645e+00  +3.52316e-01  +8.50082e-01  +1.56493e-02
+1.28559e+03  +8.33898e-01  +3.32230e-01  +8.45570e-01  +1.56670e-02
+1.28601e+03  +7.46434e-01  +3.10132e-01  +8.37907e-01  +1.58127e-02
+1.28643e+03  +1.27676e+00  +3.99195e-01  +8.41392e-01  +1.56977e-02
+1.28685e+03  +3.04321e-01  +2.43734e-01  +8.48629e-01  +1.54720e-02
+1.28727e+03  +9.25990e-01  +3.56731e-01  +8.49833e-01  +1.54628e-02
+1.28769e+03  +1.37361e+00  +4.00970e-01  +8.46161e-01  +1.55507e-02
+1.28812e+03  +9.31087e-01  +3.57626e-01  +8.43669e-01  +1.55939e-02
+1.28854e+03  +1.19987e+00  +3.80413e-01  +8.46275e-01  +1.55690e-02
+1.28896e+03  +3.96907e-01  +2.68682e-01  +8.47439e-01  +1.55938e-02
+1.28938e+03  +7.57240e-01  +3.15251e-01  +8.47539e-01  +1.56267e-02
+1.28980e+03  +1.29766e+00  +4.05152e-01  +8.48079e-01  +1.56023e-02
+1.29022e+03  +8.50214e-01  +3.38672e-01  +8.48021e-01  +1.55641e-02
+1.29065e+03  +9.41846e-01  +3.61753e-01  +8.45614e-01  +1.56560e-02
+1.29107e+03  +1.12379e+00  +3.61726e-01  +8.40578e-01  +1.59775e-02
+1.29149e+03  +1.21589e+00  +3.85337e-01  +8.39324e-01  +1.60699e-02
+1.29191e+03  +8.55285e-01  +3.41150e-01  +8.43292e-01  +1.57964e-02
+1.29233e+03  +7.66029e-01  +3.19301e-01  +8.44963e-01  +1.57015e-02
+1.29275e+03  +1.49363e+00  +4.10180e-01  +8.43978e-01  +1.57594e-02
+1.29318e+03  +6.75070e-01  +3.20690e-01  +8.42253e-01  +1.58557e-02
+1.29360e+03  +9.50145e-01  +3.66373e-01  +8.39533e-01  +1.59514e-02
+1.29402e+03  +1.31754e+00  +4.12777e-01  +8.15095e-01  +1.69026e-02
+1.29444e+03  +6.77706e-01  +3.22511e-01  +7.78495e-01  +1.86449e-02
+1.29486e+03  +1.04512e+00  +3.68704e-01  +7.94453e-01  +1.74948e-02
+1.29528e+03  +8.63241e-01  +3.46268e-01  +8.20796e-01  +1.62257e-02
+1.29571e+03  +5.88776e-01  +3.01399e-01  +8.23126e-01  +1.62865e-02
+1.29613e+03  +7.06934e-01  +3.02661e-01  +8.06244e-01  +1.69957e-02
+1.29655e+03  +2.75683e-01  +2.35410e-01  +8.04079e-01  +1.63730e-02
+1.29697e+03  +1.14660e+00  +3.71161e-01  +8.16746e-01  +1.60417e-02
+1.29739e+03  +3.46150e-01  +2.70347e-01  +8.27447e-01  +1.58395e-02
+1.29781e+03  +9.00571e-01  +4.01212e-01  +8.31612e-01  +1.58153e-02
+1.29823e+03  +9.02329e-01  +4.01771e-01  +8.25714e-01  +1.61481e-02
+1.29866e+03  +9.03324e-01  +4.02549e-01  +7.83734e-01  +1.82043e-02
+1.29908e+03  +3.31853e-01  +2.78104e-01  +7.46849e-01  +2.05200e-02
+1.29950e+03  +1.02113e+00  +4.02977e-01  +7.97716e-01  +1.74547e-02
+1.29992e+03  +7.93883e-01  +3.75953e-01  +8.33673e-01  +1.60683e-02
+1.30034e+03  +4.47607e-01  +3.19325e-01  +8.33106e-01  +1.60809e-02
+1.30076e+03  +1.13995e+00  +4.34855e-01  +8.27137e-01  +1.61129e-02
+1.30119e+03  +2.11639e-01  +2.52322e-01  +8.28684e-01  +1.60129e-02
+1.30161e+03  +1.17145e+00  +3.78919e-01  +8.34259e-01  +1.59462e-02
+1.30203e+03  +1.55110e+00  +4.26599e-01  +8.37225e-01  +1.59431e-02
+1.30245e+03  +7.94588e-01  +3.32847e-01  +8.32843e-01  +1.61082e-02
+1.30287e+03  +7.00563e-01  +3.34164e-01  +7.91910e-01  +1.81120e-02
+1.30329e+03  +1.17875e+00  +3.81563e-01  +7.41728e-01  +2.17604e-02
+1.30372e+03  +3.23246e-01  +2.61888e-01  +7.91648e-01  +1.82978e-02
+1.30414e+03  +8.95885e-01  +3.59511e-01  +8.32345e-01  +1.61796e-02
+1.30456e+03  +7.04757e-01  +3.36548e-01  +8.36901e-01  +1.59344e-02
+1.30498e+03  +1.18479e+00  +3.83562e-01  +8.34931e-01  +1.59872e-02
+1.30540e+03  +8.02985e-01  +3.36874e-01  +8.27020e-01  +1.61470e-02
+1.30582e+03  +1.18914e+00  +3.85434e-01  +8.16446e-01  +1.61729e-02
+1.30625e+03  +9.96880e-01  +3.86255e-01  +8.17868e-01  +1.60883e-02
+1.30667e+03  +1.38282e+00  +4.35238e-01  +8.27514e-01  +1.60885e-02
+1.30709e+03  +1.19098e+00  +3.87367e-01  +8.25999e-01  +1.60420e-02
+1.30751e+03  +1.19338e+00  +3.88134e-01  +8.19689e-01  +1.60470e-02
+1.30793e+03  +1.09784e+00  +3.88597e-01  +8.27650e-01  +1.61162e-02
+1.30835e+03  +9.05429e-01  +3.65527e-01  +8.28027e-01  +1.65377e-02
+1.30878e+03  +1.29498e+00  +4.14739e-01  +8.21415e-01  +1.70916e-02
+1.30920e+03  +1.00679e+00  +3.91427e-01  +8.28011e-01  +1.65882e-02
+1.30962e+03  +1.39960e+00  +4.40525e-01  +8.31292e-01  +1.63279e-02
+1.31004e+03  +3.26287e-01  +2.68186e-01  +8.29959e-01  +1.63764e-02
+1.31046e+03  +9.14223e-01  +3.75326e-01  +8.31793e-01  +1.62888e-02
+1.31088e+03  +8.67944e-01  +4.83463e-01  +8.29889e-01  +1.63117e-02
+1.31131e+03  +1.34813e+00  +5.62483e-01  +8.21316e-01  +1.63588e-02
+1.31173e+03  +1.03090e+00  +4.83387e-01  +8.14921e-01  +1.62869e-02
+1.31215e+03  +1.19365e+00  +5.24013e-01  +8.25603e-01  +1.62633e-02
+1.31257e+03  +7.13213e-01  +4.46479e-01  +8.32565e-01  +1.63642e-02
+1.31299e+03  +1.10234e+00  +4.90922e-01  +8.34613e-01  +1.63239e-02
+1.31341e+03  +6.51616e-01  +4.17921e-01  +8.35395e-01  +1.63006e-02
+1.31384e+03  +5.56222e-01  +4.04565e-01  +8.34735e-01  +1.63252e-02
+1.31426e+03  +7.39966e-01  +4.32366e-01  +8.32061e-01  +1.64108e-02
+1.31468e+03  +7.30569e-01  +3.50875e-01  +8.30239e-01  +1.65144e-02
+1.31510e+03  +6.31346e-01  +3.26043e-01  +8.32096e-01  +1.65098e-02
+1.31552e+03  +4.31791e-01  +2.99478e-01  +8.32076e-01  +1.65216e-02
+1.31594e+03  +7.32647e-01  +3.52571e-01  +8.31918e-01  +1.65543e-02
+1.31637e+03  +1.53582e+00  +4.52185e-01  +8.33198e-01  +1.65529e-02
+1.31679e+03  +1.13804e+00  +4.02818e-01  +8.33980e-01  +1.65601e-02
+1.31721e+03  +4.37964e-01  +3.01816e-01  +8.33771e-01  +1.65218e-02
+1.31763e+03  +1.14519e+00  +4.04749e-01  +8.31901e-01  +1.65548e-02
+1.31805e+03  +1.34899e+00  +4.30241e-01  +8.27969e-01  +1.66626e-02
+1.31847e+03  +3.40553e-01  +2.77399e-01  +8.25935e-01  +1.66836e-02
+1.31890e+03  +7.46824e-01  +3.56639e-01  +8.26818e-01  +1.66422e-02
+1.31932e+03  +8.48745e-01  +3.56313e-01  +8.25500e-01  +1.66786e-02
+1.31974e+03  +6.46195e-01  +3.32183e-01  +8.25073e-01  +1.66792e-02
+1.32016e+03  +6.48846e-01  +3.32690e-01  +8.20196e-01  +1.66440e-02
+1.32058e+03  +7.52547e-01  +3.59088e-01  +8.16382e-01  +1.66292e-02
+1.32100e+03  +9.57548e-01  +3.84655e-01  +8.11188e-01  +1.64397e-02
+1.32142e+03  +1.36762e+00  +4.35883e-01  +8.00408e-01  +1.62986e-02
+1.32185e+03  +6.53146e-01  +3.34867e-01  +8.16203e-01  +1.64568e-02
+1.32227e+03  +1.37300e+00  +4.37429e-01  +8.28326e-01  +1.66724e-02
+1.32269e+03  +1.17157e+00  +4.12640e-01  +8.28610e-01  +1.67461e-02
+1.32311e+03  +8.65982e-01  +3.61551e-01  +8.27149e-01  +1.68032e-02
+1.32353e+03  +4.56040e-01  +3.09764e-01  +8.27150e-01  +1.67784e-02
+1.32395e+03  +4.55473e-01  +3.10406e-01  +8.25214e-01  +1.68658e-02
+1.32438e+03  +1.80038e+00  +4.92639e-01  +8.22095e-01  +1.70635e-02
+1.32480e+03  +1.18253e+00  +4.15666e-01  +8.23572e-01  +1.70070e-02
+1.32522e+03  +1.18606e+00  +4.16301e-01  +8.24215e-01  +1.69101e-02
+1.32564e+03  +1.48243e-01  +2.22041e-01  +8.21410e-01  +1.69119e-02
+1.32606e+03  +5.95817e-01  +3.25571e-01  +8.19194e-01  +1.69566e-02
+1.32648e+03  +7.45850e-01  +3.82796e-01  +8.17475e-01  +1.70460e-02
+1.32691e+03  +1.53196e+00  +5.56470e-01  +8.19310e-01  +1.71111e-02
+1.32733e+03  +7.01333e-01  +4.20865e-01  +8.21688e-01  +1.70676e-02
+1.32775e+03  +2.84997e-01  +3.11961e-01  +8.22596e-01  +1.69773e-02
+1.32817e+03  +7.18381e-03  +2.21474e-01  +8.22556e-01  +1.69449e-02
+1.32859e+03  +2.85385e-01  +3.13923e-01  +8.21737e-01  +1.69329e-02
+1.32901e+03  +5.65454e-01  +3.88918e-01  +8.20473e-01  +1.68895e-02
+1.32944e+03  +7.06668e-01  +4.25220e-01  +8.19858e-01  +1.68816e-02
+1.32986e+03  +1.38153e+00  +5.30931e-01  +8.19511e-01  +1.69107e-02
+1.33028e+03  +8.45771e-01  +4.26812e-01  +8.17058e-01  +1.68355e-02
+1.33070e+03  +6.94027e-01  +3.67774e-01  +8.09898e-01  +1.67012e-02
+1.33112e+03  +1.30260e+00  +4.89601e-01  +7.97486e-01  +1.67746e-02
+1.33154e+03  +1.15729e+00  +4.61022e-01  +7.94318e-01  +1.67884e-02
+1.33197e+03  +6.33543e-01  +3.97536e-01  +8.04353e-01  +1.68453e-02
+1.33239e+03  +1.03045e+00  +4.63509e-01  +8.11253e-01  +1.68458e-02
+1.33281e+03  +6.38265e-01  +3.99987e-01  +8.15970e-01  +1.69941e-02
+1.33323e+03  +9.05248e-01  +4.32193e-01  +8.17763e-01  +1.71137e-02
+1.33365e+03  +6.43476e-01  +4.01262e-01  +8.15355e-01  +1.72801e-02
+1.33407e+03  +1.13483e-01  +2.30101e-01  +7.96783e-01  +1.89383e-02
+1.33450e+03  +6.07221e-01  +3.84705e-01  +7.73910e-01  +2.15547e-02
+1.33492e+03  +9.69247e-01  +3.98571e-01  +7.93824e-01  +1.92810e-02
+1.33534e+03  +1.46725e+00  +4.65481e-01  +8.00944e-01  +1.86898e-02
+1.33576e+03  +9.23421e-01  +3.84620e-01  +7.86380e-01  +2.02190e-02
+1.33618e+03  +8.17165e-01  +3.86615e-01  +7.91977e-01  +1.88935e-02
+1.33660e+03  +1.15076e+00  +4.42356e-01  +8.01763e-01  +1.73974e-02
+1.33703e+03  +6.02224e-01  +3.32643e-01  +8.04885e-01  +1.69616e-02
+1.33745e+03  +7.13229e-01  +3.61837e-01  +8.09473e-01  +1.69091e-02
+1.33787e+03  +9.35733e-01  +3.89470e-01  +7.97698e-01  +1.66006e-02
+1.33829e+03  +8.28519e-01  +3.91289e-01  +7.34923e-01  +1.51722e-02
+1.33871e+03  +1.64258e-01  +2.38800e-01  +6.81564e-01  +1.41898e-02
+1.33913e+03  +6.11742e-01  +3.37160e-01  +7.50931e-01  +1.59996e-02
+1.33956e+03  +8.36103e-01  +3.94130e-01  +7.98952e-01  +1.74184e-02
+1.33998e+03  +7.26653e-01  +3.67383e-01  +8.08547e-01  +1.75022e-02
+1.34040e+03  +1.06782e+00  +4.24399e-01  +8.11117e-01  +1.74743e-02
+1.34082e+03  +1.29619e+00  +4.52638e-01  +8.12536e-01  +1.74740e-02
+1.34124e+03  +5.08256e-01  +3.40334e-01  +8.13310e-01  +1.74706e-02
+1.34166e+03  +1.52826e+00  +4.83792e-01  +8.12835e-01  +1.75130e-02
+1.34209e+03  +5.09098e-01  +3.42056e-01  +8.08267e-01  +1.78440e-02
+1.34251e+03  +5.11782e-01  +3.43548e-01  +7.93411e-01  +1.80444e-02
+1.34293e+03  +1.19867e+00  +4.58729e-01  +7.36808e-01  +1.61405e-02
+1.34335e+03  +7.42356e-01  +3.75069e-01  +6.69060e-01  +1.44255e-02
+1.34377e+03  +1.31684e+00  +4.60801e-01  +7.30248e-01  +1.58128e-02
+1.34419e+03  +2.82257e-01  +2.70559e-01  +7.95562e-01  +1.73561e-02
+1.34461e+03  +7.44105e-01  +3.77907e-01  +8.10349e-01  +1.77073e-02
