### Alberto Saldana-Lopez (Obs. Geneva - UniGE)
# 2021/08/31 11:24:18
#
# --------------------------------------------------------------------------------
#    example - stellar continuum SED (full) - ficus.py
# --------------------------------------------------------------------------------
# 
### inputs ### 
# spec_name   --> example
# plot_mode   --> yes
# ssp_models  --> sb99
# Zarray      --> ['001', '004', '008', '02']
# att_law     --> reddy16
# att_igm     --> no
# wave_range  --> [ 925. 1345.]
# z_spec      --> 0.33314
# wave_R      --> 1000.0
# wave_norm   --> [1070. 1110.]
# nsim        --> 10
# 
### outputs ### 
# norm_factor --> 1.2426760411056101e-16
# arrays      --> wave(A), Flux.MOD, Flux.MODerr, Flux.INT, Flux.INTerr 
# 
# 
# wave(A)     Flux.MOD      Flux.MODerr   Flux.INT      Flux.INTerr 
+9.10000e+01  +3.25576e-18  +1.17507e-17  +3.90841e-10  +1.56078e-10
+9.40000e+01  +1.85491e-17  +5.96736e-17  +1.24449e-09  +5.00344e-10
+9.60000e+01  +5.51089e-17  +1.65149e-16  +2.55982e-09  +1.03045e-09
+9.80000e+01  +1.57436e-16  +4.41698e-16  +5.13961e-09  +2.06874e-09
+1.00000e+02  +3.58953e-16  +9.29237e-16  +8.35276e-09  +3.37039e-09
+1.02000e+02  +8.96741e-16  +2.15731e-15  +1.50726e-08  +6.09227e-09
+1.04000e+02  +2.25762e-15  +5.08449e-15  +2.77549e-08  +1.12247e-08
+1.06000e+02  +5.42403e-15  +1.15320e-14  +4.93513e-08  +1.99487e-08
+1.08000e+02  +1.26570e-14  +2.54721e-14  +8.61868e-08  +3.48112e-08
+1.10000e+02  +3.59562e-14  +8.36255e-14  +1.85178e-07  +7.15552e-08
+1.14000e+02  +1.60218e-13  +3.59815e-13  +4.86084e-07  +1.84145e-07
+1.18000e+02  +6.74750e-13  +1.37171e-12  +1.25000e-06  +4.73061e-07
+1.21000e+02  +1.75479e-12  +3.84988e-12  +2.29410e-06  +8.27915e-07
+1.25000e+02  +5.94911e-12  +1.19911e-11  +5.01532e-06  +1.80574e-06
+1.27000e+02  +7.37006e-12  +1.48097e-11  +5.04138e-06  +1.78865e-06
+1.28000e+02  +6.04479e-12  +1.21451e-11  +3.73371e-06  +1.31161e-06
+1.31000e+02  +1.36349e-11  +2.53522e-11  +6.25906e-06  +2.20985e-06
+1.32000e+02  +1.74666e-11  +3.20337e-11  +7.28452e-06  +2.56425e-06
+1.34000e+02  +2.88797e-11  +5.08082e-11  +9.98439e-06  +3.51693e-06
+1.37000e+02  +5.35783e-11  +8.78271e-11  +1.41247e-05  +4.99203e-06
+1.40000e+02  +1.12915e-10  +1.74997e-10  +2.29641e-05  +8.12268e-06
+1.43000e+02  +1.80225e-10  +2.53257e-10  +2.85858e-05  +1.02566e-05
+1.47000e+02  +4.43619e-10  +5.81405e-10  +5.13158e-05  +1.83884e-05
+1.51000e+02  +1.02459e-09  +1.25499e-09  +8.78939e-05  +3.15607e-05
+1.55000e+02  +2.24369e-09  +2.59112e-09  +1.44957e-04  +5.20225e-05
+1.59000e+02  +4.36714e-09  +4.71456e-09  +2.15545e-04  +7.75333e-05
+1.62000e+02  +3.78087e-09  +3.06125e-09  +1.53823e-04  +5.93498e-05
+1.66000e+02  +8.30226e-09  +6.18124e-09  +2.63912e-04  +1.02947e-04
+1.70000e+02  +1.61837e-08  +1.27398e-08  +4.06648e-04  +1.54596e-04
+1.73000e+02  +2.58262e-08  +1.89349e-08  +5.47910e-04  +2.09988e-04
+1.77000e+02  +4.17568e-08  +3.13311e-08  +7.13281e-04  +2.67617e-04
+1.80000e+02  +6.41575e-08  +4.25744e-08  +9.37432e-04  +3.61076e-04
+1.82000e+02  +8.34279e-08  +6.09785e-08  +1.10159e-03  +4.09855e-04
+1.86000e+02  +7.03679e-07  +4.54466e-07  +7.63749e-03  +2.91033e-03
+1.91000e+02  +2.85762e-07  +1.73310e-07  +2.45572e-03  +9.36198e-04
+1.94000e+02  +4.20044e-07  +2.49107e-07  +3.15601e-03  +1.20338e-03
+1.98000e+02  +5.85305e-07  +3.30959e-07  +3.69998e-03  +1.41040e-03
+2.02000e+02  +9.21059e-07  +4.80404e-07  +4.93232e-03  +1.90963e-03
+2.05000e+02  +1.42093e-06  +7.68303e-07  +6.74746e-03  +2.56192e-03
+2.10000e+02  +2.81106e-06  +1.57383e-06  +1.10093e-02  +4.08064e-03
+2.16000e+02  +4.20012e-06  +2.10834e-06  +1.32084e-02  +4.98394e-03
+2.20000e+02  +5.05064e-06  +2.34009e-06  +1.38131e-02  +5.28129e-03
+2.23000e+02  +8.53026e-06  +4.24500e-06  +2.10790e-02  +7.85336e-03
+2.27000e+02  +1.16905e-05  +5.61346e-06  +2.53390e-02  +9.45512e-03
+2.30000e+02  +2.50925e-04  +1.05302e-04  +4.94425e-01  +1.93133e-01
+2.34000e+02  +7.43907e-05  +3.12880e-05  +1.29577e-01  +5.06819e-02
+2.40000e+02  +7.78054e-05  +3.33312e-05  +1.13513e-01  +4.30155e-02
+2.46000e+02  +3.36949e-03  +1.30514e-03  +4.15319e+00  +1.63287e+00
+2.52000e+02  +3.98741e-03  +1.49743e-03  +4.18578e+00  +1.62288e+00
+2.57000e+02  +5.81800e-03  +2.17774e-03  +5.37325e+00  +2.04260e+00
+2.60000e+02  +2.88882e-03  +9.75731e-04  +2.47649e+00  +9.76659e-01
+2.64000e+02  +3.15419e-03  +9.98646e-04  +2.45481e+00  +8.81831e-01
+2.69000e+02  +3.55235e-03  +1.07502e-03  +2.45992e+00  +9.32028e-01
+2.74000e+02  +9.38420e-03  +3.22416e-03  +5.80666e+00  +2.17070e+00
+2.79000e+02  +5.33671e-03  +1.83739e-03  +2.96265e+00  +1.16813e+00
+2.84000e+02  +6.94233e-03  +2.28889e-03  +3.47095e+00  +1.37000e+00
+2.90000e+02  +3.89481e-03  +1.07408e-03  +1.72561e+00  +6.12421e-01
+2.96000e+02  +6.25215e-03  +1.89843e-03  +2.46676e+00  +9.26238e-01
+3.01000e+02  +1.34796e-02  +4.49801e-03  +4.84554e+00  +1.85054e+00
+3.08000e+02  +1.74550e-02  +5.54641e-03  +5.53584e+00  +2.12954e+00
+3.18000e+02  +1.25579e-02  +3.31179e-03  +3.36219e+00  +1.18613e+00
+3.28000e+02  +2.57609e-02  +8.03333e-03  +5.88291e+00  +2.20202e+00
+3.38000e+02  +1.88492e-02  +5.69429e-03  +3.70627e+00  +1.39845e+00
+3.48000e+02  +3.11350e-02  +9.94152e-03  +5.31668e+00  +2.05360e+00
+3.57000e+02  +2.17913e-02  +6.73024e-03  +3.29976e+00  +1.29876e+00
+3.66000e+02  +3.60839e-02  +9.99642e-03  +4.87401e+00  +1.79515e+00
+3.75000e+02  +1.32540e-02  +2.85458e-03  +1.60574e+00  +5.03033e-01
+3.85000e+02  +5.21499e-02  +1.53237e-02  +5.63221e+00  +2.09106e+00
+3.95000e+02  +3.94891e-02  +1.16822e-02  +3.82408e+00  +1.46292e+00
+4.05000e+02  +4.70821e-02  +1.23982e-02  +4.11025e+00  +1.47826e+00
+4.14000e+02  +6.17980e-02  +1.66392e-02  +4.93532e+00  +1.78366e+00
+4.22000e+02  +6.94624e-02  +1.97524e-02  +5.14161e+00  +1.90005e+00
+4.30000e+02  +7.16117e-02  +1.94809e-02  +4.92686e+00  +1.78317e+00
+4.41000e+02  +6.71175e-02  +1.76726e-02  +4.19400e+00  +1.48945e+00
+4.51000e+02  +9.41949e-02  +2.67629e-02  +5.41497e+00  +1.96121e+00
+4.60000e+02  +8.80139e-02  +2.38297e-02  +4.70831e+00  +1.68973e+00
+4.70000e+02  +1.11292e-01  +2.97998e-02  +5.51383e+00  +1.93161e+00
+4.80000e+02  +9.19769e-02  +2.36954e-02  +4.23381e+00  +1.47844e+00
+4.90000e+02  +1.08146e-01  +2.97791e-02  +4.63908e+00  +1.65181e+00
+5.00000e+02  +1.30657e-01  +3.41609e-02  +5.23776e+00  +1.80647e+00
+5.06000e+02  +1.36226e-01  +3.32643e-02  +5.25035e+00  +1.75521e+00
+5.12000e+02  +1.28151e-01  +2.67582e-02  +4.75296e+00  +1.43636e+00
+5.20000e+02  +1.59203e-01  +3.45582e-02  +5.61751e+00  +1.71948e+00
+5.30000e+02  +1.64755e-01  +3.76480e-02  +5.47381e+00  +1.71507e+00
+5.40000e+02  +1.51365e-01  +3.97893e-02  +4.74571e+00  +1.64561e+00
+5.50000e+02  +1.58148e-01  +3.68899e-02  +4.68902e+00  +1.52588e+00
+5.60000e+02  +1.86137e-01  +3.94415e-02  +5.22949e+00  +1.56936e+00
+5.70000e+02  +1.82817e-01  +3.68183e-02  +4.87610e+00  +1.42807e+00
+5.80000e+02  +1.94719e-01  +4.48201e-02  +4.93936e+00  +1.55271e+00
+5.90000e+02  +2.08300e-01  +4.27738e-02  +5.03383e+00  +1.47218e+00
+6.00000e+02  +1.91995e-01  +4.31286e-02  +4.42737e+00  +1.35966e+00
+6.10000e+02  +2.13265e-01  +3.99626e-02  +4.69993e+00  +1.25427e+00
+6.20000e+02  +2.25676e-01  +4.52724e-02  +4.75999e+00  +1.36623e+00
+6.30000e+02  +4.46928e-01  +1.20109e-01  +9.03470e+00  +3.08545e+00
+6.40000e+02  +2.28465e-01  +4.70335e-02  +4.43228e+00  +1.28978e+00
+6.50000e+02  +2.38188e-01  +4.91021e-02  +4.44026e+00  +1.28702e+00
+6.58000e+02  +2.41490e-01  +5.08454e-02  +4.36426e+00  +1.27533e+00
+6.65000e+02  +2.47681e-01  +5.17919e-02  +4.35892e+00  +1.26339e+00
+6.75000e+02  +2.54422e-01  +4.92803e-02  +4.31509e+00  +1.20040e+00
+6.85000e+02  +2.54644e-01  +5.18368e-02  +4.16666e+00  +1.18912e+00
+6.95000e+02  +2.57605e-01  +5.33702e-02  +4.07075e+00  +1.17157e+00
+7.05000e+02  +2.69785e-01  +4.97448e-02  +4.12129e+00  +1.10690e+00
+7.16000e+02  +2.74868e-01  +5.13086e-02  +4.04985e+00  +1.09205e+00
+7.26000e+02  +2.78868e-01  +5.17375e-02  +3.97973e+00  +1.06688e+00
+7.35000e+02  +2.81532e-01  +5.18630e-02  +3.90689e+00  +1.04280e+00
+7.45000e+02  +2.74521e-01  +4.89412e-02  +3.69591e+00  +9.69037e-01
+7.55000e+02  +1.74158e-01  +1.94007e-02  +2.27657e+00  +4.92597e-01
+7.65000e+02  +3.12567e-01  +5.53834e-02  +3.97015e+00  +1.01758e+00
+7.75000e+02  +2.70387e-01  +4.51521e-02  +3.33962e+00  +8.30372e-01
+7.85000e+02  +2.66889e-01  +6.47907e-02  +3.20774e+00  +9.95807e-01
+7.95000e+02  +3.04586e-01  +5.30267e-02  +3.56478e+00  +9.05910e-01
+8.05000e+02  +3.06574e-01  +5.34692e-02  +3.49623e+00  +8.91003e-01
+8.15000e+02  +3.09771e-01  +5.37110e-02  +3.44449e+00  +8.73014e-01
+8.25000e+02  +3.13269e-01  +5.37754e-02  +3.39849e+00  +8.54550e-01
+8.35000e+02  +2.97146e-01  +5.53670e-02  +3.14688e+00  +8.12254e-01
+8.45000e+02  +3.18398e-01  +5.37247e-02  +3.29359e+00  +8.17147e-01
+8.55000e+02  +3.16017e-01  +5.58536e-02  +3.19476e+00  +8.10709e-01
+8.65000e+02  +3.23807e-01  +5.41185e-02  +3.20089e+00  +7.88358e-01
+8.75000e+02  +3.22149e-01  +5.25722e-02  +3.11546e+00  +7.55211e-01
+8.85000e+02  +3.27842e-01  +5.33861e-02  +3.10332e+00  +7.48390e-01
+8.95000e+02  +3.30322e-01  +5.32120e-02  +3.06199e+00  +7.32470e-01
+9.05000e+02  +3.29091e-01  +5.25507e-02  +2.98873e+00  +7.10987e-01
+9.15000e+02  +5.91492e-01  +4.76252e-02  +5.26526e+00  +9.24428e-01
+9.25000e+02  +6.16395e-01  +3.34723e-02  +5.38043e+00  +7.43137e-01
+9.35000e+02  +8.06010e-01  +2.62535e-02  +6.90189e+00  +9.08095e-01
+9.45000e+02  +9.02896e-01  +1.54366e-02  +7.58772e+00  +9.18363e-01
+9.55000e+02  +9.61863e-01  +1.17551e-02  +7.93604e+00  +9.23081e-01
+9.65000e+02  +1.03102e+00  +1.07872e-02  +8.35490e+00  +9.32102e-01
+9.75000e+02  +7.65210e-01  +3.30506e-02  +6.09251e+00  +8.69799e-01
+9.85000e+02  +1.01248e+00  +1.01681e-02  +7.92320e+00  +8.87405e-01
+9.95000e+02  +9.87139e-01  +7.86924e-03  +7.59522e+00  +8.54109e-01
+1.00500e+03  +1.01319e+00  +1.22036e-02  +7.66743e+00  +8.37070e-01
+1.01500e+03  +1.01326e+00  +8.19786e-03  +7.54422e+00  +8.27589e-01
+1.02500e+03  +8.27863e-01  +1.79414e-02  +6.06635e+00  +7.46978e-01
+1.03500e+03  +9.77848e-01  +7.32731e-03  +7.05422e+00  +7.87343e-01
+1.04500e+03  +1.05089e+00  +1.25835e-02  +7.46575e+00  +7.81620e-01
+1.05500e+03  +1.04074e+00  +1.21209e-02  +7.28323e+00  +7.64434e-01
+1.06500e+03  +1.00206e+00  +9.27157e-03  +6.90973e+00  +7.39828e-01
+1.07500e+03  +9.84063e-01  +7.38837e-03  +6.68804e+00  +7.29211e-01
+1.08500e+03  +9.73418e-01  +8.73308e-03  +6.52227e+00  +7.00514e-01
+1.09500e+03  +1.01426e+00  +1.28865e-02  +6.70167e+00  +6.94968e-01
+1.10500e+03  +9.93740e-01  +1.18729e-02  +6.47669e+00  +6.76555e-01
+1.11500e+03  +9.85319e-01  +1.15224e-02  +6.33592e+00  +6.59875e-01
+1.12500e+03  +8.80838e-01  +1.80146e-02  +5.58965e+00  +6.52271e-01
+1.13500e+03  +9.78600e-01  +1.37535e-02  +6.12988e+00  +6.31791e-01
+1.14500e+03  +9.57784e-01  +1.29609e-02  +5.92339e+00  +6.14882e-01
+1.15500e+03  +9.21281e-01  +1.08088e-02  +5.62661e+00  +6.04257e-01
+1.16500e+03  +9.29022e-01  +1.25814e-02  +5.60437e+00  +5.89365e-01
+1.17500e+03  +8.31860e-01  +1.48648e-02  +4.95778e+00  +5.65733e-01
+1.18500e+03  +9.24651e-01  +1.47611e-02  +5.44553e+00  +5.59138e-01
+1.19500e+03  +8.93876e-01  +1.04740e-02  +5.20298e+00  +5.42020e-01
+1.20500e+03  +8.36976e-01  +1.33453e-02  +4.81598e+00  +5.30422e-01
+1.21500e+03  +7.09901e-01  +2.00002e-02  +4.03876e+00  +4.84026e-01
+1.22500e+03  +8.49751e-01  +1.14365e-02  +4.78081e+00  +5.03156e-01
+1.23500e+03  +8.47309e-01  +1.56217e-02  +4.71508e+00  +4.59789e-01
+1.24500e+03  +8.95252e-01  +2.12991e-02  +4.92842e+00  +5.13756e-01
+1.25500e+03  +8.73225e-01  +1.69675e-02  +4.75638e+00  +4.81848e-01
+1.26500e+03  +8.66964e-01  +1.49625e-02  +4.67319e+00  +4.69319e-01
+1.27500e+03  +8.69113e-01  +1.75011e-02  +4.63684e+00  +4.61853e-01
+1.28500e+03  +8.59879e-01  +1.84129e-02  +4.54135e+00  +4.53681e-01
+1.29500e+03  +8.29267e-01  +1.72798e-02  +4.33624e+00  +4.41174e-01
+1.30500e+03  +8.30093e-01  +1.77497e-02  +4.29815e+00  +4.32093e-01
+1.31500e+03  +8.36365e-01  +1.99758e-02  +4.28897e+00  +4.26401e-01
+1.32500e+03  +8.21112e-01  +2.01061e-02  +4.17085e+00  +4.16778e-01
+1.33500e+03  +8.06713e-01  +1.95479e-02  +4.05946e+00  +4.07115e-01
+1.34500e+03  +7.96254e-01  +1.96945e-02  +3.96998e+00  +4.00197e-01
+1.35500e+03  +8.03253e-01  +2.19584e-02  +3.96859e+00  +3.93706e-01
+1.36500e+03  +7.88398e-01  +2.11173e-02  +3.86041e+00  +3.84185e-01
+1.37500e+03  +7.80354e-01  +2.16969e-02  +3.78739e+00  +3.76767e-01
+1.38500e+03  +7.70673e-01  +2.10356e-02  +3.70797e+00  +3.68125e-01
+1.39500e+03  +7.14134e-01  +1.84420e-02  +3.40656e+00  +3.52798e-01
+1.40500e+03  +7.22930e-01  +2.17937e-02  +3.41946e+00  +3.47399e-01
+1.41500e+03  +7.48479e-01  +2.24452e-02  +3.51088e+00  +3.48412e-01
+1.42500e+03  +7.28492e-01  +2.04937e-02  +3.38914e+00  +3.37765e-01
+1.43500e+03  +7.31914e-01  +2.05830e-02  +3.37754e+00  +3.32215e-01
+1.44200e+03  +7.30934e-01  +2.19025e-02  +3.35414e+00  +3.29152e-01
+1.44700e+03  +7.25984e-01  +2.21759e-02  +3.31821e+00  +3.26136e-01
+1.45500e+03  +7.17608e-01  +2.23930e-02  +3.25931e+00  +3.20896e-01
+1.46500e+03  +7.07529e-01  +2.23898e-02  +3.18862e+00  +3.14945e-01
+1.47500e+03  +6.99712e-01  +2.25187e-02  +3.12928e+00  +3.09089e-01
+1.48500e+03  +6.94423e-01  +2.30934e-02  +3.08219e+00  +3.04351e-01
+1.49500e+03  +6.85928e-01  +2.34400e-02  +3.02182e+00  +2.98467e-01
+1.50500e+03  +6.68949e-01  +2.29955e-02  +2.95018e+00  +2.92592e-01
+1.51200e+03  +6.57051e-01  +2.23617e-02  +2.88458e+00  +2.88094e-01
+1.51700e+03  +6.56950e-01  +2.29696e-02  +2.87490e+00  +2.86178e-01
+1.52500e+03  +6.49502e-01  +2.29147e-02  +2.82793e+00  +2.81768e-01
+1.53500e+03  +6.26881e-01  +2.20922e-02  +2.71245e+00  +2.73276e-01
+1.54500e+03  +5.39051e-01  +1.98764e-02  +2.31815e+00  +2.62533e-01
+1.55500e+03  +6.06544e-01  +2.43800e-02  +2.59271e+00  +2.64831e-01
+1.56500e+03  +5.81782e-01  +2.00360e-02  +2.47215e+00  +2.55879e-01
+1.57500e+03  +6.09578e-01  +2.25678e-02  +2.57517e+00  +2.55374e-01
+1.58500e+03  +5.85917e-01  +2.12421e-02  +2.46101e+00  +2.49843e-01
+1.59500e+03  +6.00887e-01  +2.35166e-02  +2.50962e+00  +2.48222e-01
+1.60500e+03  +5.85910e-01  +2.28840e-02  +2.43343e+00  +2.41616e-01
+1.61500e+03  +5.78232e-01  +2.29306e-02  +2.38834e+00  +2.37368e-01
+1.62500e+03  +5.73055e-01  +2.24585e-02  +2.35412e+00  +2.32958e-01
+1.63500e+03  +5.69907e-01  +2.28652e-02  +2.32867e+00  +2.29450e-01
+1.64500e+03  +5.58267e-01  +2.28189e-02  +2.26906e+00  +2.24089e-01
+1.65500e+03  +5.55468e-01  +2.16420e-02  +2.24591e+00  +2.20783e-01
+1.66500e+03  +5.52759e-01  +2.28585e-02  +2.22343e+00  +2.18956e-01
+1.67200e+03  +5.41534e-01  +2.17832e-02  +2.17050e+00  +2.14016e-01
+1.67700e+03  +5.50534e-01  +2.27650e-02  +2.20097e+00  +2.15127e-01
+1.68500e+03  +5.44778e-01  +2.33081e-02  +2.16919e+00  +2.12866e-01
+1.69500e+03  +5.36565e-01  +2.29062e-02  +2.12585e+00  +2.08755e-01
+1.70500e+03  +5.28212e-01  +2.24717e-02  +2.08245e+00  +2.04504e-01
+1.71500e+03  +5.18446e-01  +2.21248e-02  +2.03398e+00  +2.00176e-01
+1.72500e+03  +5.12834e-01  +2.20568e-02  +2.00226e+00  +1.96852e-01
+1.73500e+03  +5.13841e-01  +2.26834e-02  +1.99660e+00  +1.95433e-01
+1.74500e+03  +5.06364e-01  +2.23233e-02  +1.95824e+00  +1.91674e-01
+1.75500e+03  +5.02400e-01  +2.29051e-02  +1.93380e+00  +1.89504e-01
+1.76500e+03  +4.93105e-01  +2.18687e-02  +1.88921e+00  +1.84819e-01
+1.77500e+03  +4.89011e-01  +2.24571e-02  +1.86490e+00  +1.83066e-01
+1.78500e+03  +4.83884e-01  +2.19462e-02  +1.83692e+00  +1.79593e-01
+1.79500e+03  +4.80214e-01  +2.25303e-02  +1.81474e+00  +1.77696e-01
+1.80500e+03  +4.76630e-01  +2.26690e-02  +1.79311e+00  +1.75352e-01
+1.81500e+03  +4.67335e-01  +2.22636e-02  +1.75031e+00  +1.72006e-01
+1.82500e+03  +4.64227e-01  +2.24153e-02  +1.73099e+00  +1.69628e-01
+1.83500e+03  +4.59165e-01  +2.21531e-02  +1.70461e+00  +1.66870e-01
+1.84500e+03  +4.47253e-01  +2.14135e-02  +1.65315e+00  +1.62791e-01
+1.85500e+03  +4.40951e-01  +2.11132e-02  +1.62282e+00  +1.59769e-01
+1.86500e+03  +4.38778e-01  +2.12898e-02  +1.60789e+00  +1.57867e-01
+1.87500e+03  +4.37955e-01  +2.20229e-02  +1.59803e+00  +1.56910e-01
+1.88500e+03  +4.25799e-01  +2.12428e-02  +1.54710e+00  +1.53037e-01
+1.89500e+03  +4.17324e-01  +2.07684e-02  +1.50993e+00  +1.49943e-01
+1.90500e+03  +4.20257e-01  +2.14124e-02  +1.51419e+00  +1.49241e-01
+1.91500e+03  +4.11667e-01  +2.09119e-02  +1.47708e+00  +1.46119e-01
+1.92500e+03  +4.04232e-01  +2.07470e-02  +1.44441e+00  +1.43537e-01
+1.93500e+03  +4.05681e-01  +2.10316e-02  +1.44364e+00  +1.42457e-01
+1.94500e+03  +4.04463e-01  +2.14161e-02  +1.43344e+00  +1.41330e-01
+1.95500e+03  +3.92714e-01  +2.06946e-02  +1.38615e+00  +1.37730e-01
+1.96700e+03  +3.94602e-01  +2.13450e-02  +1.38608e+00  +1.37018e-01
+1.97600e+03  +3.94462e-01  +2.15408e-02  +1.38059e+00  +1.35896e-01
+1.98400e+03  +3.86628e-01  +2.10029e-02  +1.34885e+00  +1.33334e-01
+1.99500e+03  +3.79652e-01  +2.05785e-02  +1.31873e+00  +1.30422e-01
+2.00500e+03  +3.79258e-01  +2.08516e-02  +1.31216e+00  +1.29433e-01
+2.01500e+03  +3.76348e-01  +2.06092e-02  +1.29698e+00  +1.27468e-01
+2.02500e+03  +3.74799e-01  +2.09674e-02  +1.28659e+00  +1.26504e-01
+2.03500e+03  +3.67011e-01  +2.05085e-02  +1.25496e+00  +1.23988e-01
+2.04500e+03  +3.63746e-01  +2.06562e-02  +1.23898e+00  +1.22596e-01
+2.05500e+03  +3.44200e-01  +1.98114e-02  +1.16789e+00  +1.17877e-01
+2.06500e+03  +3.50559e-01  +2.01776e-02  +1.18491e+00  +1.18296e-01
+2.07400e+03  +3.61241e-01  +2.08359e-02  +1.21681e+00  +1.20403e-01
+2.07800e+03  +3.55062e-01  +2.03734e-02  +1.19418e+00  +1.18957e-01
+2.08500e+03  +3.54429e-01  +2.06140e-02  +1.18888e+00  +1.18350e-01
+2.09500e+03  +3.48225e-01  +2.01133e-02  +1.16365e+00  +1.15997e-01
+2.10500e+03  +3.47464e-01  +2.02901e-02  +1.15674e+00  +1.15020e-01
+2.11500e+03  +3.45188e-01  +2.02689e-02  +1.14485e+00  +1.13735e-01
+2.12500e+03  +3.42971e-01  +2.03854e-02  +1.13325e+00  +1.12567e-01
+2.13500e+03  +3.38677e-01  +1.98000e-02  +1.11490e+00  +1.10202e-01
+2.14500e+03  +3.33744e-01  +1.98713e-02  +1.09459e+00  +1.09011e-01
+2.15500e+03  +3.33002e-01  +2.00966e-02  +1.08814e+00  +1.08238e-01
+2.16500e+03  +3.28111e-01  +1.97118e-02  +1.06822e+00  +1.06070e-01
+2.17500e+03  +3.25719e-01  +1.96205e-02  +1.05655e+00  +1.04851e-01
+2.18500e+03  +3.21648e-01  +1.94530e-02  +1.03955e+00  +1.03255e-01
+2.19500e+03  +3.20452e-01  +1.98496e-02  +1.03192e+00  +1.02960e-01
+2.20500e+03  +3.16663e-01  +1.94815e-02  +1.01604e+00  +1.01110e-01
+2.21500e+03  +3.12206e-01  +1.90665e-02  +9.98132e-01  +9.90510e-02
+2.22500e+03  +3.09035e-01  +1.87487e-02  +9.84450e-01  +9.74962e-02
+2.23500e+03  +3.06978e-01  +1.92963e-02  +9.74405e-01  +9.74180e-02
+2.24500e+03  +3.04084e-01  +1.88810e-02  +9.61781e-01  +9.56058e-02
+2.25500e+03  +2.99335e-01  +1.85558e-02  +9.43403e-01  +9.37907e-02
+2.26500e+03  +2.98039e-01  +1.86370e-02  +9.36002e-01  +9.30626e-02
+2.27500e+03  +2.95314e-01  +1.88421e-02  +9.24179e-01  +9.24043e-02
+2.28500e+03  +2.92785e-01  +1.89508e-02  +9.13051e-01  +9.15920e-02
+2.29500e+03  +2.87258e-01  +1.84545e-02  +8.92683e-01  +8.95274e-02
+2.30500e+03  +2.85606e-01  +1.84149e-02  +8.84458e-01  +8.85276e-02
+2.31500e+03  +2.83239e-01  +1.81958e-02  +8.74085e-01  +8.73708e-02
+2.32500e+03  +2.71003e-01  +1.62363e-02  +8.33433e-01  +8.26070e-02
+2.33500e+03  +2.77052e-01  +1.77769e-02  +8.49100e-01  +8.48016e-02
+2.34500e+03  +2.73897e-01  +1.72837e-02  +8.36550e-01  +8.30171e-02
+2.35500e+03  +2.72535e-01  +1.77848e-02  +8.29542e-01  +8.30694e-02
+2.36500e+03  +2.69028e-01  +1.72198e-02  +8.16076e-01  +8.11714e-02
+2.37500e+03  +2.66818e-01  +1.74598e-02  +8.06620e-01  +8.07558e-02
+2.38500e+03  +2.62217e-01  +1.67802e-02  +7.90028e-01  +7.85108e-02
+2.39500e+03  +2.61722e-01  +1.72485e-02  +7.85875e-01  +7.87392e-02
+2.40500e+03  +2.59065e-01  +1.69258e-02  +7.75280e-01  +7.73902e-02
+2.41500e+03  +2.56590e-01  +1.69822e-02  +7.65298e-01  +7.67025e-02
+2.42500e+03  +2.55082e-01  +1.72580e-02  +7.58259e-01  +7.64419e-02
+2.43500e+03  +2.51832e-01  +1.68565e-02  +7.46104e-01  +7.49532e-02
+2.44500e+03  +2.50152e-01  +1.71545e-02  +7.38668e-01  +7.47647e-02
+2.45500e+03  +2.48045e-01  +1.69989e-02  +7.30023e-01  +7.37648e-02
+2.46500e+03  +2.45351e-01  +1.68127e-02  +7.19713e-01  +7.27178e-02
+2.47500e+03  +2.43042e-01  +1.66054e-02  +7.10599e-01  +7.16444e-02
+2.48500e+03  +2.39786e-01  +1.69032e-02  +6.98783e-01  +7.14912e-02
+2.49500e+03  +2.31980e-01  +1.64347e-02  +6.73826e-01  +6.95550e-02
+2.50500e+03  +2.35772e-01  +1.69723e-02  +6.82614e-01  +7.02881e-02
+2.51300e+03  +2.30240e-01  +1.64098e-02  +6.64866e-01  +6.83320e-02
+2.51800e+03  +2.32605e-01  +1.66709e-02  +6.70606e-01  +6.88506e-02
+2.52500e+03  +2.31079e-01  +1.62330e-02  +6.64701e-01  +6.76483e-02
+2.53500e+03  +2.28923e-01  +1.61050e-02  +6.56375e-01  +6.67961e-02
+2.54500e+03  +2.26755e-01  +1.60121e-02  +6.48071e-01  +6.60157e-02
+2.55500e+03  +2.25978e-01  +1.63456e-02  +6.43783e-01  +6.60493e-02
+2.56500e+03  +2.23925e-01  +1.62028e-02  +6.35898e-01  +6.51994e-02
+2.57500e+03  +2.22722e-01  +1.64932e-02  +6.30469e-01  +6.51577e-02
+2.58500e+03  +2.20505e-01  +1.64426e-02  +6.22215e-01  +6.45016e-02
+2.59500e+03  +2.18589e-01  +1.63327e-02  +6.14859e-01  +6.37351e-02
+2.60500e+03  +2.16597e-01  +1.60614e-02  +6.07335e-01  +6.26864e-02
+2.61500e+03  +2.14758e-01  +1.59822e-02  +6.00287e-01  +6.19991e-02
+2.62500e+03  +2.13083e-01  +1.60711e-02  +5.93741e-01  +6.16402e-02
+2.63500e+03  +2.11287e-01  +1.60839e-02  +5.86898e-01  +6.11495e-02
+2.64500e+03  +2.10668e-01  +1.65819e-02  +5.83360e-01  +6.16128e-02
+2.65500e+03  +2.08846e-01  +1.64833e-02  +5.76521e-01  +6.09224e-02
+2.66500e+03  +2.06455e-01  +1.61381e-02  +5.68159e-01  +5.97651e-02
+2.67500e+03  +2.04938e-01  +1.62810e-02  +5.62245e-01  +5.95395e-02
+2.68500e+03  +2.03744e-01  +1.62373e-02  +5.57254e-01  +5.90235e-02
+2.69500e+03  +2.01104e-01  +1.59829e-02  +5.48349e-01  +5.80393e-02
+2.70500e+03  +2.00019e-01  +1.60024e-02  +5.43725e-01  +5.76537e-02
+2.71500e+03  +1.98076e-01  +1.57548e-02  +5.36806e-01  +5.67252e-02
+2.72500e+03  +1.95767e-01  +1.56724e-02  +5.28936e-01  +5.60821e-02
+2.73500e+03  +1.94142e-01  +1.58904e-02  +5.22961e-01  +5.59917e-02
+2.74500e+03  +1.92237e-01  +1.51936e-02  +5.16267e-01  +5.43540e-02
+2.75500e+03  +1.90805e-01  +1.52039e-02  +5.10882e-01  +5.39531e-02
+2.76500e+03  +1.89147e-01  +1.53743e-02  +5.04927e-01  +5.38207e-02
+2.77500e+03  +1.88631e-01  +1.56210e-02  +5.02046e-01  +5.39208e-02
+2.78500e+03  +1.86944e-01  +1.55330e-02  +4.96075e-01  +5.33567e-02
+2.79500e+03  +1.83642e-01  +1.46449e-02  +4.85865e-01  +5.12442e-02
+2.80500e+03  +1.83245e-01  +1.50058e-02  +4.83382e-01  +5.15614e-02
+2.81500e+03  +1.82630e-01  +1.55302e-02  +4.80339e-01  +5.21941e-02
+2.82500e+03  +1.80440e-01  +1.54129e-02  +4.73183e-01  +5.15508e-02
+2.83500e+03  +1.78567e-01  +1.51662e-02  +4.66899e-01  +5.07253e-02
+2.84500e+03  +1.77719e-01  +1.50348e-02  +4.63324e-01  +5.01408e-02
+2.85500e+03  +1.76351e-01  +1.49995e-02  +4.58420e-01  +4.97186e-02
+2.86500e+03  +1.75205e-01  +1.51438e-02  +4.54118e-01  +4.96434e-02
+2.87500e+03  +1.73662e-01  +1.49877e-02  +4.48815e-01  +4.89999e-02
+2.88500e+03  +1.72382e-01  +1.50371e-02  +4.44222e-01  +4.87622e-02
+2.89500e+03  +1.71034e-01  +1.49429e-02  +4.39480e-01  +4.82565e-02
+2.91000e+03  +1.69129e-01  +1.51056e-02  +4.32721e-01  +4.80774e-02
+2.93000e+03  +1.66267e-01  +1.48668e-02  +4.22977e-01  +4.69818e-02
+2.95000e+03  +1.63083e-01  +1.47178e-02  +4.12529e-01  +4.60437e-02
+2.97000e+03  +1.61078e-01  +1.46938e-02  +4.05169e-01  +4.54311e-02
+2.99000e+03  +1.58483e-01  +1.46103e-02  +3.96415e-01  +4.46922e-02
+3.01000e+03  +1.56142e-01  +1.46107e-02  +3.88391e-01  +4.41427e-02
+3.03000e+03  +1.53825e-01  +1.45236e-02  +3.80517e-01  +4.34311e-02
+3.05000e+03  +1.51427e-01  +1.43996e-02  +3.72531e-01  +4.26626e-02
+3.07000e+03  +1.49176e-01  +1.42810e-02  +3.64994e-01  +4.19374e-02
+3.09000e+03  +1.46863e-01  +1.42371e-02  +3.57388e-01  +4.13622e-02
+3.11000e+03  +1.44707e-01  +1.40892e-02  +3.50248e-01  +4.06030e-02
+3.13000e+03  +1.42432e-01  +1.39806e-02  +3.42898e-01  +3.99222e-02
+3.15000e+03  +1.40346e-01  +1.39283e-02  +3.36079e-01  +3.93702e-02
+3.17000e+03  +1.38287e-01  +1.38254e-02  +3.29399e-01  +3.87434e-02
+3.19000e+03  +1.35674e-01  +1.35900e-02  +3.21478e-01  +3.78492e-02
+3.21000e+03  +1.33980e-01  +1.36211e-02  +3.15808e-01  +3.74930e-02
+3.23000e+03  +1.32286e-01  +1.35175e-02  +3.10199e-01  +3.69237e-02
+3.25000e+03  +1.30372e-01  +1.34539e-02  +3.04136e-01  +3.64119e-02
+3.27000e+03  +1.28530e-01  +1.33967e-02  +2.98304e-01  +3.59267e-02
+3.29000e+03  +1.26658e-01  +1.33275e-02  +2.92463e-01  +3.54307e-02
+3.31000e+03  +1.24975e-01  +1.32750e-02  +2.87117e-01  +3.49810e-02
+3.33000e+03  +1.23179e-01  +1.31587e-02  +2.81568e-01  +3.44153e-02
+3.35000e+03  +1.21247e-01  +1.30304e-02  +2.75766e-01  +3.38276e-02
+3.37000e+03  +1.19682e-01  +1.29708e-02  +2.70856e-01  +3.33956e-02
+3.39000e+03  +1.18024e-01  +1.28826e-02  +2.65786e-01  +3.29121e-02
+3.41000e+03  +1.16400e-01  +1.28509e-02  +2.60844e-01  +3.25429e-02
+3.43000e+03  +1.14114e-01  +1.27275e-02  +2.54473e-01  +3.19878e-02
+3.45000e+03  +1.12747e-01  +1.26920e-02  +2.50207e-01  +3.16275e-02
+3.47000e+03  +1.11623e-01  +1.26101e-02  +2.46521e-01  +3.12112e-02
+3.49000e+03  +1.10126e-01  +1.25352e-02  +2.42051e-01  +3.07958e-02
+3.51000e+03  +1.08807e-01  +1.25089e-02  +2.38014e-01  +3.04828e-02
+3.53000e+03  +1.07332e-01  +1.24499e-02  +2.33678e-01  +3.01079e-02
+3.55000e+03  +1.05903e-01  +1.23852e-02  +2.29485e-01  +2.97309e-02
+3.57000e+03  +1.04668e-01  +1.22967e-02  +2.25749e-01  +2.93262e-02
+3.59000e+03  +1.02992e-01  +1.22026e-02  +2.21104e-01  +2.88991e-02
+3.61000e+03  +1.01674e-01  +1.21393e-02  +2.17266e-01  +2.85486e-02
+3.63000e+03  +1.00281e-01  +1.20687e-02  +2.13308e-01  +2.81844e-02
+3.64000e+03  +9.97345e-02  +1.20415e-02  +2.11661e-01  +2.80191e-02
+3.65000e+03  +1.03205e-01  +1.22957e-02  +2.18527e-01  +2.87394e-02
+3.67000e+03  +1.01102e-01  +1.19591e-02  +2.13105e-01  +2.78989e-02
+3.69000e+03  +9.92753e-02  +1.33321e-02  +2.08313e-01  +3.01264e-02
+3.71000e+03  +1.01540e-01  +1.74161e-02  +2.12112e-01  +3.75223e-02
+3.73000e+03  +1.00681e-01  +1.81861e-02  +2.09384e-01  +3.87440e-02
+3.75000e+03  +1.05145e-01  +2.16457e-02  +2.17701e-01  +4.52107e-02
+3.77000e+03  +1.04497e-01  +2.17575e-02  +2.15409e-01  +4.51915e-02
+3.79000e+03  +1.06558e-01  +2.33877e-02  +2.18699e-01  +4.81414e-02
+3.81000e+03  +1.09403e-01  +2.51096e-02  +2.23562e-01  +5.12636e-02
+3.83000e+03  +1.01287e-01  +2.17341e-02  +2.06085e-01  +4.44519e-02
+3.85000e+03  +1.09454e-01  +2.57727e-02  +2.21748e-01  +5.20636e-02
+3.87000e+03  +1.09354e-01  +2.60988e-02  +2.20601e-01  +5.24626e-02
+3.89000e+03  +9.68719e-02  +2.10352e-02  +1.94593e-01  +4.24361e-02
+3.91000e+03  +1.07523e-01  +2.58129e-02  +2.15079e-01  +5.14290e-02
+3.93000e+03  +1.05809e-01  +2.49261e-02  +2.10764e-01  +4.95186e-02
+3.95000e+03  +1.04822e-01  +2.55474e-02  +2.07930e-01  +5.04420e-02
+3.97000e+03  +9.08111e-02  +2.00278e-02  +1.79393e-01  +3.97154e-02
+3.99000e+03  +1.01423e-01  +2.51731e-02  +1.99533e-01  +4.92658e-02
+4.01000e+03  +1.00934e-01  +2.51192e-02  +1.97761e-01  +4.89553e-02
+4.03000e+03  +9.86149e-02  +2.47335e-02  +1.92431e-01  +4.80017e-02
+4.05000e+03  +9.90260e-02  +2.48145e-02  +1.92453e-01  +4.79533e-02
+4.07000e+03  +9.74784e-02  +2.44804e-02  +1.88685e-01  +4.71168e-02
+4.09000e+03  +9.33766e-02  +2.34463e-02  +1.80025e-01  +4.49579e-02
+4.11000e+03  +8.60254e-02  +1.99854e-02  +1.65195e-01  +3.83732e-02
+4.13000e+03  +9.35631e-02  +2.38093e-02  +1.78961e-01  +4.52630e-02
+4.15000e+03  +9.29787e-02  +2.38362e-02  +1.77146e-01  +4.51203e-02
+4.17000e+03  +9.16233e-02  +2.36059e-02  +1.73884e-01  +4.45105e-02
+4.19000e+03  +9.07251e-02  +2.34950e-02  +1.71513e-01  +4.41203e-02
+4.21000e+03  +8.96553e-02  +2.33118e-02  +1.68838e-01  +4.36014e-02
+4.23000e+03  +8.86727e-02  +2.30832e-02  +1.66348e-01  +4.30084e-02
+4.25000e+03  +8.76225e-02  +2.28919e-02  +1.63753e-01  +4.24847e-02
+4.27000e+03  +8.64280e-02  +2.26700e-02  +1.60910e-01  +4.19112e-02
+4.29000e+03  +8.56013e-02  +2.25394e-02  +1.58771e-01  +4.15063e-02
+4.31000e+03  +8.43074e-02  +2.21408e-02  +1.55787e-01  +4.06263e-02
+4.33000e+03  +7.99717e-02  +2.07096e-02  +1.47226e-01  +3.78937e-02
+4.35000e+03  +7.52753e-02  +1.85253e-02  +1.38068e-01  +3.38761e-02
+4.37000e+03  +8.09898e-02  +2.18331e-02  +1.48004e-01  +3.95908e-02
+4.39000e+03  +7.97593e-02  +2.15021e-02  +1.45223e-01  +3.88539e-02
+4.41000e+03  +7.95155e-02  +2.14283e-02  +1.44254e-01  +3.85783e-02
+4.43000e+03  +7.85690e-02  +2.13435e-02  +1.42022e-01  +3.82783e-02
+4.45000e+03  +7.78661e-02  +2.11739e-02  +1.40246e-01  +3.78367e-02
+4.47000e+03  +7.56865e-02  +2.08325e-02  +1.35834e-01  +3.70858e-02
+4.49000e+03  +7.60287e-02  +2.06951e-02  +1.35964e-01  +3.67207e-02
+4.51000e+03  +7.53740e-02  +2.06246e-02  +1.34318e-01  +3.64601e-02
+4.53000e+03  +7.45215e-02  +2.04149e-02  +1.32333e-01  +3.59633e-02
+4.55000e+03  +7.35813e-02  +2.01168e-02  +1.30208e-01  +3.53184e-02
+4.57000e+03  +7.29145e-02  +2.01285e-02  +1.28581e-01  +3.52070e-02
+4.59000e+03  +7.20557e-02  +1.99005e-02  +1.26628e-01  +3.46900e-02
+4.61000e+03  +7.12811e-02  +1.98748e-02  +1.24838e-01  +3.45176e-02
+4.63000e+03  +7.04168e-02  +1.95878e-02  +1.22904e-01  +3.39080e-02
+4.65000e+03  +6.94523e-02  +1.95170e-02  +1.20810e-01  +3.36628e-02
+4.67000e+03  +6.88681e-02  +1.93400e-02  +1.19390e-01  +3.32470e-02
+4.69000e+03  +6.78702e-02  +1.91718e-02  +1.17266e-01  +3.28429e-02
+4.71000e+03  +6.68736e-02  +1.88579e-02  +1.15159e-01  +3.22044e-02
+4.73000e+03  +6.65693e-02  +1.88498e-02  +1.14255e-01  +3.20795e-02
+4.75000e+03  +6.58052e-02  +1.86992e-02  +1.12572e-01  +3.17168e-02
+4.77000e+03  +6.51760e-02  +1.85500e-02  +1.11130e-01  +3.13604e-02
+4.79000e+03  +6.44358e-02  +1.83830e-02  +1.09510e-01  +3.09766e-02
+4.81000e+03  +6.36690e-02  +1.82033e-02  +1.07857e-01  +3.05746e-02
+4.83000e+03  +6.27810e-02  +1.79917e-02  +1.06010e-01  +3.01215e-02
+4.85000e+03  +5.99706e-02  +1.68448e-02  +1.00940e-01  +2.81341e-02
+4.87000e+03  +5.56485e-02  +1.45337e-02  +9.33669e-02  +2.42747e-02
+4.89000e+03  +6.06299e-02  +1.74863e-02  +1.01402e-01  +2.89967e-02
+4.91000e+03  +6.02533e-02  +1.74253e-02  +1.00455e-01  +2.88040e-02
+4.93000e+03  +5.90670e-02  +1.71391e-02  +9.81690e-02  +2.82436e-02
+4.95000e+03  +5.90142e-02  +1.71269e-02  +9.77757e-02  +2.81348e-02
+4.97000e+03  +5.82792e-02  +1.70011e-02  +9.62588e-02  +2.78406e-02
+4.99000e+03  +5.76579e-02  +1.68224e-02  +9.49392e-02  +2.74645e-02
+5.01000e+03  +5.66599e-02  +1.65263e-02  +9.30101e-02  +2.69018e-02
+5.03000e+03  +5.65113e-02  +1.65197e-02  +9.24835e-02  +2.68069e-02
+5.05000e+03  +5.57196e-02  +1.63075e-02  +9.09116e-02  +2.63840e-02
+5.07000e+03  +5.53787e-02  +1.62509e-02  +9.00830e-02  +2.62117e-02
+5.09000e+03  +5.47915e-02  +1.61052e-02  +8.88607e-02  +2.58994e-02
+5.11000e+03  +5.42138e-02  +1.59597e-02  +8.76616e-02  +2.55894e-02
+5.13000e+03  +5.36201e-02  +1.58071e-02  +8.64446e-02  +2.52704e-02
+5.15000e+03  +5.30406e-02  +1.56529e-02  +8.52581e-02  +2.49508e-02
+5.17000e+03  +5.24811e-02  +1.54410e-02  +8.41114e-02  +2.45441e-02
+5.19000e+03  +5.19542e-02  +1.53255e-02  +8.30241e-02  +2.42893e-02
+5.21000e+03  +5.14109e-02  +1.52483e-02  +8.19175e-02  +2.40952e-02
+5.23000e+03  +5.08875e-02  +1.50761e-02  +8.08494e-02  +2.37562e-02
+5.25000e+03  +5.03849e-02  +1.50106e-02  +7.98212e-02  +2.35830e-02
+5.27000e+03  +4.97062e-02  +1.48019e-02  +7.85211e-02  +2.31915e-02
+5.29000e+03  +4.92776e-02  +1.47614e-02  +7.76229e-02  +2.30599e-02
+5.31000e+03  +4.87924e-02  +1.45839e-02  +7.66416e-02  +2.27207e-02
+5.33000e+03  +4.83130e-02  +1.44799e-02  +7.56753e-02  +2.24949e-02
+5.35000e+03  +4.78696e-02  +1.43977e-02  +7.47713e-02  +2.23038e-02
+5.37000e+03  +4.73924e-02  +1.42571e-02  +7.38202e-02  +2.20259e-02
+5.39000e+03  +4.69180e-02  +1.41408e-02  +7.28791e-02  +2.17861e-02
+5.41000e+03  +4.63683e-02  +1.40087e-02  +7.18271e-02  +2.15232e-02
+5.43000e+03  +4.59628e-02  +1.38883e-02  +7.10041e-02  +2.12811e-02
+5.45000e+03  +4.55162e-02  +1.37948e-02  +7.01228e-02  +2.10800e-02
+5.47000e+03  +4.50653e-02  +1.36762e-02  +6.92402e-02  +2.08428e-02
+5.49000e+03  +4.46269e-02  +1.35708e-02  +6.83819e-02  +2.06267e-02
+5.51000e+03  +4.41825e-02  +1.34523e-02  +6.75196e-02  +2.03924e-02
+5.53000e+03  +4.37465e-02  +1.33341e-02  +6.66750e-02  +2.01600e-02
+5.55000e+03  +4.33206e-02  +1.32471e-02  +6.58509e-02  +1.99750e-02
+5.57000e+03  +4.28917e-02  +1.31331e-02  +6.50269e-02  +1.97514e-02
+5.59000e+03  +4.24734e-02  +1.30272e-02  +6.42238e-02  +1.95412e-02
+5.61000e+03  +4.20632e-02  +1.29260e-02  +6.34375e-02  +1.93392e-02
+5.63000e+03  +4.16609e-02  +1.28206e-02  +6.26676e-02  +1.91320e-02
+5.65000e+03  +4.12300e-02  +1.27091e-02  +6.18592e-02  +1.89172e-02
+5.67000e+03  +4.08265e-02  +1.26079e-02  +6.10962e-02  +1.87187e-02
+5.69000e+03  +4.04282e-02  +1.25144e-02  +6.03456e-02  +1.85330e-02
+5.71000e+03  +3.99275e-02  +1.24105e-02  +5.94465e-02  +1.83314e-02
+5.73000e+03  +3.95538e-02  +1.23217e-02  +5.87412e-02  +1.81545e-02
+5.75000e+03  +3.91677e-02  +1.22189e-02  +5.80212e-02  +1.79581e-02
+5.77000e+03  +3.88228e-02  +1.21266e-02  +5.73662e-02  +1.77784e-02
+5.79000e+03  +3.85018e-02  +1.20294e-02  +5.67500e-02  +1.75928e-02
+5.81000e+03  +3.82183e-02  +1.19409e-02  +5.61924e-02  +1.74210e-02
+5.83000e+03  +3.78621e-02  +1.18511e-02  +5.55315e-02  +1.72479e-02
+5.85000e+03  +3.75103e-02  +1.17581e-02  +5.48803e-02  +1.70709e-02
+5.87000e+03  +3.66228e-02  +1.15830e-02  +5.34509e-02  +1.67752e-02
+5.89000e+03  +3.67658e-02  +1.15431e-02  +5.35292e-02  +1.66787e-02
+5.91000e+03  +3.64684e-02  +1.14873e-02  +5.29678e-02  +1.65578e-02
+5.93000e+03  +3.61252e-02  +1.14011e-02  +5.23431e-02  +1.63943e-02
+5.95000e+03  +3.57777e-02  +1.13089e-02  +5.17155e-02  +1.62232e-02
+5.97000e+03  +3.54598e-02  +1.12311e-02  +5.11338e-02  +1.60734e-02
+5.99000e+03  +3.51257e-02  +1.11351e-02  +5.05320e-02  +1.58990e-02
+6.01000e+03  +3.45783e-02  +1.09892e-02  +4.99540e-02  +1.57541e-02
+6.03000e+03  +3.42289e-02  +1.09037e-02  +4.93716e-02  +1.56070e-02
+6.05000e+03  +3.38935e-02  +1.08142e-02  +4.88115e-02  +1.54548e-02
+6.07000e+03  +3.35569e-02  +1.07279e-02  +4.82514e-02  +1.53075e-02
+6.09000e+03  +3.32299e-02  +1.06366e-02  +4.77070e-02  +1.51540e-02
+6.11000e+03  +3.28973e-02  +1.05482e-02  +4.71566e-02  +1.50048e-02
+6.13000e+03  +3.25652e-02  +1.04561e-02  +4.66086e-02  +1.48511e-02
+6.15000e+03  +3.22355e-02  +1.03493e-02  +4.60658e-02  +1.46773e-02
+6.17000e+03  +3.19269e-02  +1.02866e-02  +4.55549e-02  +1.45656e-02
+6.19000e+03  +3.16289e-02  +1.02110e-02  +4.50609e-02  +1.44365e-02
+6.21000e+03  +3.13228e-02  +1.01277e-02  +4.45569e-02  +1.42970e-02
+6.23000e+03  +3.10086e-02  +1.00406e-02  +4.40431e-02  +1.41528e-02
+6.25000e+03  +3.06958e-02  +9.92974e-03  +4.35330e-02  +1.39762e-02
+6.27000e+03  +3.04224e-02  +9.88759e-03  +4.30805e-02  +1.38953e-02
+6.29000e+03  +3.01313e-02  +9.81170e-03  +4.26043e-02  +1.37681e-02
+6.31000e+03  +2.98296e-02  +9.72620e-03  +4.21149e-02  +1.36279e-02
+6.33000e+03  +2.95529e-02  +9.65625e-03  +4.16622e-02  +1.35098e-02
+6.35000e+03  +2.92377e-02  +9.54572e-03  +4.11568e-02  +1.33361e-02
+6.37000e+03  +2.89764e-02  +9.48178e-03  +4.07289e-02  +1.32272e-02
+6.39000e+03  +2.87205e-02  +9.43188e-03  +4.03099e-02  +1.31379e-02
+6.41000e+03  +2.84343e-02  +9.35297e-03  +3.98499e-02  +1.30091e-02
+6.43000e+03  +2.81760e-02  +9.28452e-03  +3.94304e-02  +1.28952e-02
+6.45000e+03  +2.79021e-02  +9.19726e-03  +3.89904e-02  +1.27558e-02
+6.47000e+03  +2.76470e-02  +9.14420e-03  +3.85780e-02  +1.26637e-02
+6.49000e+03  +2.73767e-02  +9.05898e-03  +3.81459e-02  +1.25280e-02
+6.51000e+03  +2.71131e-02  +8.98331e-03  +3.77246e-02  +1.24057e-02
+6.53000e+03  +2.67911e-02  +8.88337e-03  +3.72233e-02  +1.22504e-02
+6.55000e+03  +2.59849e-02  +8.42976e-03  +3.60519e-02  +1.16129e-02
+6.57000e+03  +2.38723e-02  +7.11979e-03  +3.30740e-02  +9.81167e-03
+6.59000e+03  +2.59379e-02  +8.62230e-03  +3.58852e-02  +1.18409e-02
+6.61000e+03  +2.58679e-02  +8.64084e-03  +3.57381e-02  +1.18491e-02
+6.63000e+03  +2.56587e-02  +8.59219e-03  +3.53996e-02  +1.17659e-02
+6.65000e+03  +2.54367e-02  +8.53385e-03  +3.50445e-02  +1.16699e-02
+6.67000e+03  +2.50974e-02  +8.45158e-03  +3.45292e-02  +1.15413e-02
+6.69000e+03  +2.48616e-02  +8.38686e-03  +3.41576e-02  +1.14372e-02
+6.71000e+03  +2.47513e-02  +8.33372e-03  +3.39594e-02  +1.13497e-02
+6.73000e+03  +2.45273e-02  +8.27191e-03  +3.36061e-02  +1.12502e-02
+6.75000e+03  +2.43050e-02  +8.20728e-03  +3.32563e-02  +1.11473e-02
+6.77000e+03  +2.40875e-02  +8.14670e-03  +3.29140e-02  +1.10502e-02
+6.79000e+03  +2.38673e-02  +8.08268e-03  +3.25691e-02  +1.09488e-02
+6.81000e+03  +2.36561e-02  +8.02445e-03  +3.22376e-02  +1.08554e-02
+6.83000e+03  +2.34428e-02  +7.96487e-03  +3.19042e-02  +1.07605e-02
+6.85000e+03  +2.32321e-02  +7.90398e-03  +3.15755e-02  +1.06642e-02
+6.87000e+03  +2.30287e-02  +7.84800e-03  +3.12576e-02  +1.05748e-02
+6.89000e+03  +2.28136e-02  +7.79146e-03  +3.09248e-02  +1.04848e-02
+6.91000e+03  +2.26212e-02  +7.73506e-03  +3.06238e-02  +1.03955e-02
+6.93000e+03  +2.24182e-02  +7.67540e-03  +3.03093e-02  +1.03020e-02
+6.95000e+03  +2.22207e-02  +7.62051e-03  +3.00033e-02  +1.02151e-02
+6.97000e+03  +2.20263e-02  +7.56660e-03  +2.97024e-02  +1.01298e-02
+6.99000e+03  +2.18321e-02  +7.50975e-03  +2.94025e-02  +1.00410e-02
+7.01000e+03  +2.16398e-02  +7.45167e-03  +2.91062e-02  +9.95072e-03
+7.03000e+03  +2.14503e-02  +7.40175e-03  +2.88145e-02  +9.87152e-03
+7.05000e+03  +2.12605e-02  +7.34711e-03  +2.85232e-02  +9.78633e-03
+7.07000e+03  +2.09148e-02  +7.26987e-03  +2.80240e-02  +9.67112e-03
+7.09000e+03  +2.08965e-02  +7.23008e-03  +2.79643e-02  +9.60665e-03
+7.11000e+03  +2.07066e-02  +7.16172e-03  +2.76755e-02  +9.50425e-03
+7.13000e+03  +2.05298e-02  +7.11229e-03  +2.74050e-02  +9.42700e-03
+7.15000e+03  +2.03549e-02  +7.06190e-03  +2.71378e-02  +9.34871e-03
+7.17000e+03  +2.01708e-02  +7.01213e-03  +2.68592e-02  +9.27144e-03
+7.19000e+03  +2.00045e-02  +6.96032e-03  +2.66050e-02  +9.19184e-03
+7.21000e+03  +1.98349e-02  +6.91273e-03  +2.63473e-02  +9.11795e-03
+7.23000e+03  +1.96348e-02  +6.85991e-03  +2.60497e-02  +9.03738e-03
+7.25000e+03  +1.94959e-02  +6.81789e-03  +2.58341e-02  +8.97123e-03
+7.27000e+03  +1.93327e-02  +6.77299e-03  +2.55870e-02  +8.90152e-03
+7.29000e+03  +1.90871e-02  +6.71447e-03  +2.52317e-02  +8.81404e-03
+7.31000e+03  +1.90007e-02  +6.67446e-03  +2.50875e-02  +8.75135e-03
+7.33000e+03  +1.88430e-02  +6.63145e-03  +2.48496e-02  +8.68471e-03
+7.35000e+03  +1.86835e-02  +6.58612e-03  +2.46102e-02  +8.61525e-03
+7.37000e+03  +1.85275e-02  +6.54383e-03  +2.43761e-02  +8.54995e-03
+7.39000e+03  +1.83695e-02  +6.49553e-03  +2.41399e-02  +8.47706e-03
+7.41000e+03  +1.82110e-02  +6.44694e-03  +2.39037e-02  +8.40401e-03
+7.43000e+03  +1.80616e-02  +6.40417e-03  +2.36802e-02  +8.33868e-03
+7.45000e+03  +1.79124e-02  +6.36105e-03  +2.34574e-02  +8.27310e-03
+7.47000e+03  +1.77633e-02  +6.31451e-03  +2.32354e-02  +8.20331e-03
+7.49000e+03  +1.76161e-02  +6.27264e-03  +2.30166e-02  +8.13970e-03
+7.51000e+03  +1.74673e-02  +6.23003e-03  +2.27963e-02  +8.07533e-03
+7.53000e+03  +1.73276e-02  +6.19109e-03  +2.25883e-02  +8.01587e-03
+7.55000e+03  +1.71835e-02  +6.14888e-03  +2.23753e-02  +7.95236e-03
+7.57000e+03  +1.70416e-02  +6.10499e-03  +2.21657e-02  +7.88691e-03
+7.59000e+03  +1.68947e-02  +6.06208e-03  +2.19501e-02  +7.82284e-03
+7.61000e+03  +1.67627e-02  +6.01867e-03  +2.17545e-02  +7.75839e-03
+7.63000e+03  +1.66250e-02  +5.97305e-03  +2.15519e-02  +7.69126e-03
+7.65000e+03  +1.64879e-02  +5.92675e-03  +2.13507e-02  +7.62342e-03
+7.67000e+03  +1.63523e-02  +5.88121e-03  +2.11520e-02  +7.55677e-03
+7.69000e+03  +1.62219e-02  +5.84250e-03  +2.09605e-02  +7.49897e-03
+7.71000e+03  +1.60860e-02  +5.79485e-03  +2.07624e-02  +7.42997e-03
+7.73000e+03  +1.59600e-02  +5.75976e-03  +2.05776e-02  +7.37710e-03
+7.75000e+03  +1.58279e-02  +5.72007e-03  +2.03854e-02  +7.31853e-03
+7.77000e+03  +1.56741e-02  +5.63182e-03  +2.01658e-02  +7.19854e-03
+7.79000e+03  +1.55761e-02  +5.64592e-03  +2.00184e-02  +7.20850e-03
+7.81000e+03  +1.54457e-02  +5.60763e-03  +1.98299e-02  +7.15216e-03
+7.83000e+03  +1.53261e-02  +5.56724e-03  +1.96556e-02  +7.09333e-03
+7.85000e+03  +1.52032e-02  +5.52469e-03  +1.94776e-02  +7.03193e-03
+7.87000e+03  +1.50670e-02  +5.48621e-03  +1.92831e-02  +6.97579e-03
+7.89000e+03  +1.49429e-02  +5.44248e-03  +1.91045e-02  +6.91320e-03
+7.91000e+03  +1.48350e-02  +5.41295e-03  +1.89471e-02  +6.86868e-03
+7.93000e+03  +1.47144e-02  +5.37931e-03  +1.87737e-02  +6.81907e-03
+7.95000e+03  +1.45999e-02  +5.34080e-03  +1.86086e-02  +6.76348e-03
+7.97000e+03  +1.44847e-02  +5.31200e-03  +1.84431e-02  +6.72023e-03
+7.99000e+03  +1.43747e-02  +5.27011e-03  +1.82846e-02  +6.66069e-03
+8.01000e+03  +1.42565e-02  +5.24533e-03  +1.81159e-02  +6.62270e-03
+8.03000e+03  +1.41508e-02  +5.21040e-03  +1.79637e-02  +6.57214e-03
+8.05000e+03  +1.40392e-02  +5.17686e-03  +1.78043e-02  +6.52344e-03
+8.07000e+03  +1.39369e-02  +5.14238e-03  +1.76570e-02  +6.47370e-03
+8.09000e+03  +1.38142e-02  +5.10661e-03  +1.74843e-02  +6.42243e-03
+8.11000e+03  +1.37100e-02  +5.07410e-03  +1.73354e-02  +6.37539e-03
+8.13000e+03  +1.36143e-02  +5.04566e-03  +1.71976e-02  +6.33355e-03
+8.15000e+03  +1.34947e-02  +5.01221e-03  +1.70300e-02  +6.28553e-03
+8.17000e+03  +1.34029e-02  +4.98245e-03  +1.68978e-02  +6.24228e-03
+8.19000e+03  +1.32882e-02  +4.94362e-03  +1.67371e-02  +6.18781e-03
+8.21000e+03  +1.32086e-02  +4.93230e-03  +1.66210e-02  +6.16784e-03
+8.23000e+03  +1.31186e-02  +4.90586e-03  +1.64919e-02  +6.12902e-03
+8.25000e+03  +1.30286e-02  +4.86409e-03  +1.63633e-02  +6.07130e-03
+8.27000e+03  +1.29013e-02  +4.79753e-03  +1.61882e-02  +5.98295e-03
+8.29000e+03  +1.28061e-02  +4.71026e-03  +1.60537e-02  +5.86926e-03
+8.31000e+03  +1.26795e-02  +4.61600e-03  +1.58801e-02  +5.74709e-03
+8.33000e+03  +1.25432e-02  +4.56230e-03  +1.56949e-02  +5.67521e-03
+8.35000e+03  +1.24368e-02  +4.61159e-03  +1.55474e-02  +5.73053e-03
+8.37000e+03  +1.22944e-02  +4.49182e-03  +1.53551e-02  +5.57744e-03
+8.39000e+03  +1.22457e-02  +4.59292e-03  +1.52804e-02  +5.69670e-03
+8.41000e+03  +1.21623e-02  +4.61621e-03  +1.51625e-02  +5.72001e-03
+8.43000e+03  +1.21605e-02  +4.79523e-03  +1.51466e-02  +5.93491e-03
+8.45000e+03  +1.20642e-02  +4.76963e-03  +1.50130e-02  +5.89793e-03
+8.47000e+03  +1.18110e-02  +4.48559e-03  +1.46848e-02  +5.54364e-03
+8.49000e+03  +1.20827e-02  +5.04596e-03  +1.50092e-02  +6.22643e-03
+8.51000e+03  +1.16231e-02  +4.45859e-03  +1.44254e-02  +5.50033e-03
+8.53000e+03  +1.19881e-02  +5.08552e-03  +1.48653e-02  +6.26384e-03
+8.55000e+03  +1.13053e-02  +4.31706e-03  +1.40063e-02  +5.31693e-03
+8.57000e+03  +1.19421e-02  +5.09902e-03  +1.47823e-02  +6.26947e-03
+8.59000e+03  +1.14352e-02  +4.71507e-03  +1.41425e-02  +5.79400e-03
+8.61000e+03  +1.12957e-02  +4.55845e-03  +1.39579e-02  +5.59762e-03
+8.63000e+03  +1.17506e-02  +5.04228e-03  +1.45075e-02  +6.18393e-03
+8.65000e+03  +1.14824e-02  +4.92164e-03  +1.41642e-02  +6.03110e-03
+8.67000e+03  +1.06908e-02  +4.16243e-03  +1.31764e-02  +5.10004e-03
+8.69000e+03  +1.14575e-02  +4.91426e-03  +1.41095e-02  +6.01202e-03
+8.71000e+03  +1.14772e-02  +4.93694e-03  +1.41217e-02  +6.03471e-03
+8.73000e+03  +1.12386e-02  +4.86068e-03  +1.38166e-02  +5.93656e-03
+8.75000e+03  +1.03609e-02  +4.10363e-03  +1.27269e-02  +5.01094e-03
+8.77000e+03  +1.09805e-02  +4.73736e-03  +1.34767e-02  +5.77670e-03
+8.79000e+03  +1.11535e-02  +4.82048e-03  +1.36777e-02  +5.87317e-03
+8.81000e+03  +1.10846e-02  +4.78833e-03  +1.35819e-02  +5.82937e-03
+8.83000e+03  +1.09753e-02  +4.74767e-03  +1.34370e-02  +5.77524e-03
+8.85000e+03  +1.05589e-02  +4.56494e-03  +1.29167e-02  +5.54873e-03
+8.87000e+03  +9.91592e-03  +3.99041e-03  +1.21202e-02  +4.84885e-03
+8.89000e+03  +1.06743e-02  +4.64064e-03  +1.30367e-02  +5.63159e-03
+8.91000e+03  +1.06899e-02  +4.63764e-03  +1.30452e-02  +5.62363e-03
+8.93000e+03  +1.06253e-02  +4.60623e-03  +1.29560e-02  +5.58124e-03
+8.95000e+03  +1.05661e-02  +4.59192e-03  +1.28735e-02  +5.55953e-03
+8.97000e+03  +1.04751e-02  +4.55920e-03  +1.27525e-02  +5.51562e-03
+8.99000e+03  +1.02836e-02  +4.49803e-03  +1.25095e-02  +5.43737e-03
+9.01000e+03  +9.47801e-03  +3.90365e-03  +1.15205e-02  +4.71712e-03
+9.03000e+03  +9.81819e-03  +4.22483e-03  +1.19247e-02  +5.09989e-03
+9.05000e+03  +1.01312e-02  +4.43393e-03  +1.22953e-02  +5.34769e-03
+9.07000e+03  +1.00617e-02  +4.39567e-03  +1.22015e-02  +5.29765e-03
+9.09000e+03  +1.00205e-02  +4.35327e-03  +1.21422e-02  +5.24277e-03
+9.11000e+03  +9.97689e-03  +4.35388e-03  +1.20800e-02  +5.23948e-03
+9.13000e+03  +9.91480e-03  +4.33953e-03  +1.19957e-02  +5.21828e-03
+9.15000e+03  +9.84208e-03  +4.31409e-03  +1.18987e-02  +5.18384e-03
+9.17000e+03  +9.75169e-03  +4.28317e-03  +1.17805e-02  +5.14289e-03
+9.19000e+03  +9.66455e-03  +4.24903e-03  +1.16664e-02  +5.09815e-03
+9.21000e+03  +9.40636e-03  +4.15485e-03  +1.13463e-02  +4.98149e-03
+9.23000e+03  +8.60559e-03  +3.51441e-03  +1.03726e-02  +4.21258e-03
+9.25000e+03  +9.26543e-03  +4.06923e-03  +1.11597e-02  +4.87192e-03
+9.27000e+03  +9.37121e-03  +4.10142e-03  +1.12787e-02  +4.90700e-03
+9.29000e+03  +9.35669e-03  +4.11827e-03  +1.12530e-02  +4.92354e-03
+9.31000e+03  +9.28218e-03  +4.09561e-03  +1.11552e-02  +4.89295e-03
+9.33000e+03  +9.23710e-03  +4.07174e-03  +1.10930e-02  +4.86102e-03
+9.35000e+03  +9.16323e-03  +4.04575e-03  +1.09963e-02  +4.82657e-03
+9.37000e+03  +9.10975e-03  +4.01880e-03  +1.09243e-02  +4.79109e-03
+9.39000e+03  +9.04679e-03  +3.99390e-03  +1.08410e-02  +4.75810e-03
+9.41000e+03  +8.97032e-03  +3.94886e-03  +1.07417e-02  +4.70126e-03
+9.43000e+03  +8.92003e-03  +3.94785e-03  +1.06739e-02  +4.69671e-03
+9.45000e+03  +8.85638e-03  +3.92208e-03  +1.05902e-02  +4.66286e-03
+9.47000e+03  +8.76903e-03  +3.89913e-03  +1.04784e-02  +4.63235e-03
+9.49000e+03  +8.72300e-03  +3.87845e-03  +1.04161e-02  +4.60465e-03
+9.51000e+03  +8.59627e-03  +3.83969e-03  +1.02576e-02  +4.55549e-03
+9.53000e+03  +8.36203e-03  +3.74341e-03  +9.97121e-03  +4.43827e-03
+9.55000e+03  +7.70421e-03  +3.20820e-03  +9.18046e-03  +3.80268e-03
+9.57000e+03  +8.34091e-03  +3.72701e-03  +9.93234e-03  +4.41295e-03
+9.59000e+03  +8.40393e-03  +3.75636e-03  +1.00005e-02  +4.44474e-03
+9.61000e+03  +8.35831e-03  +3.73340e-03  +9.93949e-03  +4.41469e-03
+9.63000e+03  +8.29528e-03  +3.70250e-03  +9.85786e-03  +4.37530e-03
+9.65000e+03  +8.26637e-03  +3.69179e-03  +9.81688e-03  +4.35978e-03
+9.67000e+03  +8.20724e-03  +3.66024e-03  +9.74013e-03  +4.31974e-03
+9.69000e+03  +8.15238e-03  +3.65035e-03  +9.66856e-03  +4.30523e-03
+9.71000e+03  +8.08815e-03  +3.62763e-03  +9.58602e-03  +4.27566e-03
+9.73000e+03  +8.04674e-03  +3.60592e-03  +9.53064e-03  +4.24736e-03
+9.75000e+03  +7.99092e-03  +3.58412e-03  +9.45829e-03  +4.21898e-03
+9.77000e+03  +7.93712e-03  +3.56426e-03  +9.38846e-03  +4.19293e-03
+9.79000e+03  +7.88523e-03  +3.54094e-03  +9.32101e-03  +4.16287e-03
+9.81000e+03  +7.83179e-03  +3.52361e-03  +9.25184e-03  +4.13986e-03
+9.83000e+03  +7.77915e-03  +3.50060e-03  +9.18372e-03  +4.11026e-03
+9.85000e+03  +7.72558e-03  +3.48093e-03  +9.11462e-03  +4.08460e-03
+9.87000e+03  +7.67436e-03  +3.46026e-03  +9.04839e-03  +4.05782e-03
+9.89000e+03  +7.62084e-03  +3.43466e-03  +8.97957e-03  +4.02534e-03
+9.91000e+03  +7.56817e-03  +3.41897e-03  +8.91186e-03  +4.00445e-03
+9.93000e+03  +7.52010e-03  +3.39801e-03  +8.84966e-03  +3.97747e-03
+9.95000e+03  +7.46907e-03  +3.37969e-03  +8.78410e-03  +3.95360e-03
+9.97000e+03  +7.41664e-03  +3.36036e-03  +8.71698e-03  +3.92859e-03
+9.99000e+03  +7.36139e-03  +3.33943e-03  +8.64666e-03  +3.90177e-03
+1.00250e+04  +7.10031e-03  +3.21413e-03  +8.33098e-03  +3.75150e-03
+1.00750e+04  +6.90067e-03  +3.08740e-03  +8.08435e-03  +3.59844e-03
+1.01250e+04  +7.02612e-03  +3.20499e-03  +8.21888e-03  +3.72971e-03
+1.01750e+04  +6.93497e-03  +3.16225e-03  +8.10014e-03  +3.67466e-03
+1.02250e+04  +6.82278e-03  +3.11721e-03  +7.95733e-03  +3.61712e-03
+1.02750e+04  +6.71512e-03  +3.07334e-03  +7.82032e-03  +3.56115e-03
+1.03250e+04  +6.59307e-03  +3.02561e-03  +7.66711e-03  +3.50093e-03
+1.03750e+04  +6.49854e-03  +2.98360e-03  +7.54639e-03  +3.44755e-03
+1.04250e+04  +6.39496e-03  +2.94174e-03  +7.41563e-03  +3.39452e-03
+1.04750e+04  +6.29116e-03  +2.89813e-03  +7.28509e-03  +3.33967e-03
+1.05250e+04  +6.19297e-03  +2.85896e-03  +7.16149e-03  +3.29012e-03
+1.05750e+04  +6.09584e-03  +2.81767e-03  +7.03955e-03  +3.23832e-03
+1.06250e+04  +5.99841e-03  +2.77907e-03  +6.91770e-03  +3.18977e-03
+1.06750e+04  +5.89554e-03  +2.72678e-03  +6.79000e-03  +3.12573e-03
+1.07250e+04  +5.81222e-03  +2.69599e-03  +6.68521e-03  +3.08647e-03
+1.07750e+04  +5.72274e-03  +2.66239e-03  +6.57371e-03  +3.04413e-03
+1.08250e+04  +5.59968e-03  +2.61864e-03  +6.42406e-03  +2.99035e-03
+1.08750e+04  +5.53435e-03  +2.58649e-03  +6.34101e-03  +2.94998e-03
+1.09250e+04  +5.18008e-03  +2.37573e-03  +5.92761e-03  +2.70651e-03
+1.09750e+04  +5.30739e-03  +2.48888e-03  +6.06572e-03  +2.83176e-03
+1.10250e+04  +5.28267e-03  +2.48382e-03  +6.03002e-03  +2.82261e-03
+1.10750e+04  +5.21706e-03  +2.45229e-03  +5.94786e-03  +2.78349e-03
+1.11250e+04  +5.13750e-03  +2.41825e-03  +5.85009e-03  +2.74164e-03
+1.11750e+04  +5.06142e-03  +2.38502e-03  +5.75657e-03  +2.70084e-03
+1.12250e+04  +4.98445e-03  +2.35333e-03  +5.66234e-03  +2.66190e-03
+1.12750e+04  +4.90819e-03  +2.31527e-03  +5.56920e-03  +2.61590e-03
+1.13250e+04  +4.83491e-03  +2.28418e-03  +5.47971e-03  +2.57788e-03
+1.13750e+04  +4.76470e-03  +2.25832e-03  +5.39396e-03  +2.54586e-03
+1.14250e+04  +4.69367e-03  +2.22709e-03  +5.30754e-03  +2.50790e-03
+1.14750e+04  +4.62658e-03  +2.20032e-03  +5.22582e-03  +2.47506e-03
+1.15250e+04  +4.55883e-03  +2.17098e-03  +5.14360e-03  +2.43944e-03
+1.15750e+04  +4.49127e-03  +2.14174e-03  +5.06182e-03  +2.40403e-03
+1.16250e+04  +4.42148e-03  +2.11051e-03  +4.97777e-03  +2.36650e-03
+1.16750e+04  +4.35810e-03  +2.08111e-03  +4.90116e-03  +2.33110e-03
+1.17250e+04  +4.29900e-03  +2.05922e-03  +4.82956e-03  +2.30420e-03
+1.17750e+04  +4.23267e-03  +2.02467e-03  +4.75006e-03  +2.26326e-03
+1.18250e+04  +4.17345e-03  +2.00255e-03  +4.67873e-03  +2.23627e-03
+1.18750e+04  +4.11244e-03  +1.97442e-03  +4.60560e-03  +2.20267e-03
+1.19250e+04  +4.05719e-03  +1.95420e-03  +4.53910e-03  +2.17795e-03
+1.19750e+04  +3.98581e-03  +1.92238e-03  +4.45475e-03  +2.14040e-03
+1.20250e+04  +3.94248e-03  +1.90314e-03  +4.40194e-03  +2.11693e-03
+1.20750e+04  +3.88572e-03  +1.87779e-03  +4.33429e-03  +2.08675e-03
+1.21250e+04  +3.83115e-03  +1.85474e-03  +4.26925e-03  +2.05918e-03
+1.21750e+04  +3.77825e-03  +1.83182e-03  +4.20623e-03  +2.03183e-03
+1.22250e+04  +3.72519e-03  +1.80819e-03  +4.14320e-03  +2.00376e-03
+1.22750e+04  +3.67320e-03  +1.78494e-03  +4.08151e-03  +1.97619e-03
+1.23250e+04  +3.62243e-03  +1.76219e-03  +4.02133e-03  +1.94924e-03
+1.23750e+04  +3.57201e-03  +1.74078e-03  +3.96169e-03  +1.92381e-03
+1.24250e+04  +3.52364e-03  +1.71912e-03  +3.90445e-03  +1.89819e-03
+1.24750e+04  +3.47515e-03  +1.69671e-03  +3.84722e-03  +1.87180e-03
+1.25250e+04  +3.42440e-03  +1.67516e-03  +3.78764e-03  +1.84642e-03
+1.25750e+04  +3.37981e-03  +1.65410e-03  +3.73499e-03  +1.82163e-03
+1.26250e+04  +3.33348e-03  +1.63406e-03  +3.68054e-03  +1.79804e-03
+1.26750e+04  +3.28878e-03  +1.61387e-03  +3.62801e-03  +1.77431e-03
+1.27250e+04  +3.24275e-03  +1.59428e-03  +3.57415e-03  +1.75131e-03
+1.27750e+04  +3.17029e-03  +1.56808e-03  +3.49130e-03  +1.72110e-03
+1.28250e+04  +2.99403e-03  +1.44570e-03  +3.29440e-03  +1.58556e-03
+1.28750e+04  +3.10248e-03  +1.53227e-03  +3.41087e-03  +1.67905e-03
+1.29250e+04  +3.07266e-03  +1.51584e-03  +3.37528e-03  +1.65972e-03
+1.29750e+04  +3.02683e-03  +1.49945e-03  +3.32220e-03  +1.64046e-03
+1.30250e+04  +2.99352e-03  +1.48089e-03  +3.28297e-03  +1.61888e-03
+1.30750e+04  +2.95431e-03  +1.46416e-03  +3.23736e-03  +1.59935e-03
+1.31250e+04  +2.91489e-03  +1.44497e-03  +3.19161e-03  +1.57717e-03
+1.31750e+04  +2.87641e-03  +1.42778e-03  +3.14699e-03  +1.55722e-03
+1.32250e+04  +2.83938e-03  +1.41164e-03  +3.10404e-03  +1.53844e-03
+1.32750e+04  +2.80205e-03  +1.39386e-03  +3.06086e-03  +1.51793e-03
+1.33250e+04  +2.76574e-03  +1.37840e-03  +3.01888e-03  +1.49998e-03
+1.33750e+04  +2.72980e-03  +1.36173e-03  +2.97739e-03  +1.48075e-03
+1.34250e+04  +2.69399e-03  +1.34667e-03  +2.93612e-03  +1.46330e-03
+1.34750e+04  +2.66051e-03  +1.33086e-03  +2.89746e-03  +1.44508e-03
+1.35250e+04  +2.62618e-03  +1.31511e-03  +2.85797e-03  +1.42696e-03
+1.35750e+04  +2.59225e-03  +1.29888e-03  +2.81897e-03  +1.40835e-03
+1.36250e+04  +2.55926e-03  +1.28369e-03  +2.78108e-03  +1.39091e-03
+1.36750e+04  +2.52689e-03  +1.26956e-03  +2.74393e-03  +1.37464e-03
+1.37250e+04  +2.49409e-03  +1.25457e-03  +2.70639e-03  +1.35747e-03
+1.37750e+04  +2.46337e-03  +1.24084e-03  +2.67118e-03  +1.34171e-03
+1.38250e+04  +2.43228e-03  +1.22710e-03  +2.63562e-03  +1.32595e-03
+1.38750e+04  +2.40178e-03  +1.21258e-03  +2.60077e-03  +1.30939e-03
+1.39250e+04  +2.37170e-03  +1.19930e-03  +2.56644e-03  +1.29418e-03
+1.39750e+04  +2.34246e-03  +1.18602e-03  +2.53308e-03  +1.27902e-03
+1.40250e+04  +2.31330e-03  +1.17167e-03  +2.49986e-03  +1.26272e-03
+1.40750e+04  +2.28464e-03  +1.15978e-03  +2.46725e-03  +1.24910e-03
+1.41250e+04  +2.25600e-03  +1.14599e-03  +2.43470e-03  +1.23346e-03
+1.41750e+04  +2.22866e-03  +1.13414e-03  +2.40363e-03  +1.21993e-03
+1.42250e+04  +2.20118e-03  +1.12044e-03  +2.37245e-03  +1.20444e-03
+1.42750e+04  +2.17417e-03  +1.10667e-03  +2.34184e-03  +1.18890e-03
+1.43250e+04  +2.14789e-03  +1.09669e-03  +2.31206e-03  +1.17745e-03
+1.43750e+04  +2.12178e-03  +1.08470e-03  +2.28251e-03  +1.16387e-03
+1.44250e+04  +2.09341e-03  +1.06892e-03  +2.25058e-03  +1.14625e-03
+1.44750e+04  +2.07034e-03  +1.06110e-03  +2.22440e-03  +1.13718e-03
+1.45250e+04  +2.04407e-03  +1.04743e-03  +2.19484e-03  +1.12186e-03
+1.45700e+04  +2.02300e-03  +1.03933e-03  +2.17103e-03  +1.11259e-03
+1.46200e+04  +2.00275e-03  +1.02981e-03  +2.14799e-03  +1.10177e-03
+1.46750e+04  +1.97704e-03  +1.01841e-03  +2.11902e-03  +1.08887e-03
+1.47250e+04  +1.95300e-03  +1.00546e-03  +2.09202e-03  +1.07441e-03
+1.47750e+04  +1.92849e-03  +9.92753e-04  +2.06455e-03  +1.06023e-03
+1.48250e+04  +1.90488e-03  +9.78258e-04  +2.03809e-03  +1.04417e-03
+1.48750e+04  +1.87946e-03  +9.62250e-04  +2.00974e-03  +1.02652e-03
+1.49250e+04  +1.85654e-03  +9.51201e-04  +1.98409e-03  +1.01417e-03
+1.49750e+04  +1.83465e-03  +9.43567e-04  +1.95959e-03  +1.00548e-03
+1.50250e+04  +1.80770e-03  +9.23622e-04  +1.92972e-03  +9.83698e-04
+1.50750e+04  +1.78701e-03  +9.20601e-04  +1.90657e-03  +9.79945e-04
+1.51250e+04  +1.76730e-03  +9.13809e-04  +1.88450e-03  +9.72194e-04
+1.51750e+04  +1.74874e-03  +9.10557e-04  +1.86369e-03  +9.68215e-04
+1.52250e+04  +1.73777e-03  +9.21174e-04  +1.85100e-03  +9.78973e-04
+1.52750e+04  +1.70284e-03  +8.85111e-04  +1.81282e-03  +9.40182e-04
+1.53250e+04  +1.68667e-03  +8.84729e-04  +1.79464e-03  +9.39284e-04
+1.53750e+04  +1.68037e-03  +8.98901e-04  +1.78700e-03  +9.53823e-04
+1.54250e+04  +1.64203e-03  +8.61500e-04  +1.74532e-03  +9.13696e-04
+1.54750e+04  +1.64488e-03  +8.85742e-04  +1.74743e-03  +9.38909e-04
+1.55250e+04  +1.62822e-03  +8.80062e-04  +1.72885e-03  +9.32422e-04
+1.55750e+04  +1.58005e-03  +8.24551e-04  +1.67684e-03  +8.73211e-04
+1.56250e+04  +1.60176e-03  +8.69297e-04  +1.69902e-03  +9.20109e-04
+1.56750e+04  +1.56595e-03  +8.43449e-04  +1.66021e-03  +8.92327e-04
+1.57250e+04  +1.52898e-03  +8.11668e-04  +1.62021e-03  +8.58308e-04
+1.57750e+04  +1.54943e-03  +8.39440e-04  +1.64106e-03  +8.87231e-04
+1.58250e+04  +1.53063e-03  +8.31936e-04  +1.62036e-03  +8.78883e-04
+1.58750e+04  +1.46308e-03  +7.70304e-04  +1.54809e-03  +8.13422e-04
+1.59250e+04  +1.48965e-03  +8.12888e-04  +1.57545e-03  +8.57958e-04
+1.59750e+04  +1.48500e-03  +8.08841e-04  +1.56978e-03  +8.53295e-04
+1.60500e+04  +1.45267e-03  +7.99391e-04  +1.53452e-03  +8.42745e-04
+1.61500e+04  +1.39816e-03  +7.61798e-04  +1.47557e-03  +8.02402e-04
+1.62500e+04  +1.39725e-03  +7.72984e-04  +1.47326e-03  +8.13454e-04
+1.63500e+04  +1.35745e-03  +7.53469e-04  +1.43001e-03  +7.92228e-04
+1.64500e+04  +1.30685e-03  +7.18002e-04  +1.37548e-03  +7.54300e-04
+1.65500e+04  +1.30780e-03  +7.27937e-04  +1.37529e-03  +7.64086e-04
+1.66500e+04  +1.27948e-03  +7.13169e-04  +1.34435e-03  +7.47966e-04
+1.67500e+04  +1.24202e-03  +6.93564e-04  +1.30389e-03  +7.26813e-04
+1.68500e+04  +1.19566e-03  +6.61900e-04  +1.25418e-03  +6.93082e-04
+1.69500e+04  +1.19850e-03  +6.71322e-04  +1.25613e-03  +7.02387e-04
+1.70500e+04  +1.17114e-03  +6.56476e-04  +1.22647e-03  +6.86322e-04
+1.71500e+04  +1.14876e-03  +6.44633e-04  +1.20208e-03  +6.73426e-04
+1.72500e+04  +1.12306e-03  +6.30253e-04  +1.17427e-03  +6.57911e-04
+1.73500e+04  +1.06730e-03  +5.95050e-04  +1.11511e-03  +6.20707e-04
+1.74500e+04  +1.07386e-03  +6.04871e-04  +1.12112e-03  +6.30488e-04
+1.75500e+04  +1.05522e-03  +5.94026e-04  +1.10084e-03  +6.18740e-04
+1.76500e+04  +1.03348e-03  +5.82699e-04  +1.07737e-03  +6.06513e-04
+1.77500e+04  +1.01226e-03  +5.71135e-04  +1.05449e-03  +5.94064e-04
+1.78500e+04  +9.91481e-04  +5.60792e-04  +1.03211e-03  +5.82905e-04
+1.79500e+04  +9.71504e-04  +5.49551e-04  +1.01060e-03  +5.70837e-04
+1.80500e+04  +9.50871e-04  +5.38139e-04  +9.88460e-04  +5.58612e-04
+1.81500e+04  +9.05750e-04  +5.10538e-04  +9.40917e-04  +5.29616e-04
+1.82500e+04  +9.08622e-04  +5.16298e-04  +9.43268e-04  +5.35244e-04
+1.83500e+04  +8.95352e-04  +5.08306e-04  +9.28881e-04  +5.26624e-04
+1.84500e+04  +8.77693e-04  +4.98574e-04  +9.09969e-04  +5.16219e-04
+1.85500e+04  +8.60023e-04  +4.89686e-04  +8.91080e-04  +5.06704e-04
+1.86500e+04  +8.40060e-04  +4.79384e-04  +8.69848e-04  +4.95742e-04
+1.87500e+04  +8.01074e-04  +4.53008e-04  +8.28965e-04  +4.68189e-04
+1.88500e+04  +8.09443e-04  +4.62084e-04  +8.37113e-04  +4.77284e-04
+1.89500e+04  +7.94601e-04  +4.52453e-04  +8.21267e-04  +4.67066e-04
+1.90500e+04  +7.78702e-04  +4.46264e-04  +8.04356e-04  +4.60412e-04
+1.91500e+04  +7.64772e-04  +4.37953e-04  +7.89504e-04  +4.51582e-04
+1.92500e+04  +7.50056e-04  +4.30334e-04  +7.73865e-04  +4.43479e-04
+1.93500e+04  +7.34350e-04  +4.21479e-04  +7.57229e-04  +4.34116e-04
+1.94500e+04  +6.98833e-04  +3.99323e-04  +7.20201e-04  +4.11074e-04
+1.95500e+04  +7.06522e-04  +4.07041e-04  +7.27722e-04  +4.18794e-04
+1.96500e+04  +6.94868e-04  +3.99927e-04  +7.15328e-04  +4.11258e-04
+1.97500e+04  +6.81823e-04  +3.92404e-04  +7.01521e-04  +4.03313e-04
+1.98500e+04  +6.69240e-04  +3.85926e-04  +6.88209e-04  +3.96452e-04
+1.99500e+04  +6.56824e-04  +3.79260e-04  +6.75087e-04  +3.89408e-04
+2.00500e+04  +6.44762e-04  +3.73191e-04  +6.62347e-04  +3.82985e-04
+2.01500e+04  +6.32967e-04  +3.66645e-04  +6.49899e-04  +3.76083e-04
+2.02500e+04  +6.21354e-04  +3.59509e-04  +6.37655e-04  +3.68585e-04
+2.03500e+04  +6.10107e-04  +3.53519e-04  +6.25803e-04  +3.62271e-04
+2.04500e+04  +5.99079e-04  +3.48240e-04  +6.14191e-04  +3.56692e-04
+2.05500e+04  +5.87865e-04  +3.42024e-04  +6.02403e-04  +3.50163e-04
+2.06500e+04  +5.77676e-04  +3.36093e-04  +5.91680e-04  +3.43933e-04
+2.07500e+04  +5.67297e-04  +3.30552e-04  +5.80777e-04  +3.38110e-04
+2.08500e+04  +5.57303e-04  +3.24754e-04  +5.70281e-04  +3.32031e-04
+2.09500e+04  +5.47454e-04  +3.19078e-04  +5.59947e-04  +3.26084e-04
+2.10500e+04  +5.37822e-04  +3.14385e-04  +5.49847e-04  +3.21149e-04
+2.11500e+04  +5.27553e-04  +3.08773e-04  +5.39107e-04  +3.15280e-04
+2.12500e+04  +5.18972e-04  +3.03578e-04  +5.30105e-04  +3.09845e-04
+2.13500e+04  +5.09990e-04  +2.99052e-04  +5.20705e-04  +3.05098e-04
+2.14500e+04  +5.01083e-04  +2.94069e-04  +5.11392e-04  +2.99890e-04
+2.15500e+04  +4.91855e-04  +2.89056e-04  +5.01761e-04  +2.94658e-04
+2.16500e+04  +4.69024e-04  +2.74891e-04  +4.78271e-04  +2.80106e-04
+2.17500e+04  +4.74324e-04  +2.79187e-04  +4.83476e-04  +2.84371e-04
+2.18500e+04  +4.67516e-04  +2.75195e-04  +4.76343e-04  +2.80194e-04
+2.19500e+04  +4.59864e-04  +2.70903e-04  +4.68358e-04  +2.75717e-04
+2.20500e+04  +4.60198e-04  +2.70626e-04  +4.60198e-04  +2.70626e-04
+2.21500e+04  +4.52221e-04  +2.66913e-04  +4.52221e-04  +2.66913e-04
+2.22500e+04  +4.44509e-04  +2.61924e-04  +4.44509e-04  +2.61924e-04
+2.23500e+04  +4.36989e-04  +2.57817e-04  +4.36989e-04  +2.57817e-04
+2.24500e+04  +4.29587e-04  +2.53766e-04  +4.29587e-04  +2.53766e-04
+2.25500e+04  +4.22237e-04  +2.49898e-04  +4.22237e-04  +2.49898e-04
+2.26500e+04  +4.15154e-04  +2.45437e-04  +4.15154e-04  +2.45437e-04
+2.27500e+04  +4.08167e-04  +2.42099e-04  +4.08167e-04  +2.42099e-04
+2.28500e+04  +4.01714e-04  +2.38121e-04  +4.01714e-04  +2.38121e-04
+2.29500e+04  +3.95110e-04  +2.29584e-04  +3.95110e-04  +2.29584e-04
+2.30500e+04  +3.88571e-04  +2.28415e-04  +3.88571e-04  +2.28415e-04
+2.31500e+04  +3.82166e-04  +2.24683e-04  +3.82166e-04  +2.24683e-04
+2.32500e+04  +3.75784e-04  +2.16990e-04  +3.75784e-04  +2.16990e-04
+2.33500e+04  +3.69569e-04  +2.15838e-04  +3.69569e-04  +2.15838e-04
+2.34500e+04  +3.63438e-04  +2.10918e-04  +3.63438e-04  +2.10918e-04
+2.35500e+04  +3.57459e-04  +2.04529e-04  +3.57459e-04  +2.04529e-04
+2.36500e+04  +3.51469e-04  +2.03888e-04  +3.51469e-04  +2.03888e-04
+2.37500e+04  +3.45868e-04  +2.00268e-04  +3.45868e-04  +2.00268e-04
+2.38500e+04  +3.40269e-04  +1.95073e-04  +3.40269e-04  +1.95073e-04
+2.39500e+04  +3.34813e-04  +1.94287e-04  +3.34813e-04  +1.94287e-04
+2.40500e+04  +3.29244e-04  +1.90608e-04  +3.29244e-04  +1.90608e-04
+2.41500e+04  +3.23753e-04  +1.85626e-04  +3.23753e-04  +1.85626e-04
+2.42500e+04  +3.19944e-04  +1.87603e-04  +3.19944e-04  +1.87603e-04
+2.43500e+04  +3.13772e-04  +1.82002e-04  +3.13772e-04  +1.82002e-04
+2.44500e+04  +3.08716e-04  +1.78355e-04  +3.08716e-04  +1.78355e-04
+2.45500e+04  +3.05269e-04  +1.78642e-04  +3.05269e-04  +1.78642e-04
+2.46500e+04  +2.99617e-04  +1.75391e-04  +2.99617e-04  +1.75391e-04
+2.47500e+04  +2.94861e-04  +1.72375e-04  +2.94861e-04  +1.72375e-04
+2.48500e+04  +2.92141e-04  +1.71608e-04  +2.92141e-04  +1.71608e-04
+2.49500e+04  +2.84184e-04  +1.64572e-04  +2.84184e-04  +1.64572e-04
+2.50500e+04  +2.83939e-04  +1.68500e-04  +2.83939e-04  +1.68500e-04
+2.51500e+04  +2.79238e-04  +1.64385e-04  +2.79238e-04  +1.64385e-04
+2.52500e+04  +2.70934e-04  +1.57867e-04  +2.70934e-04  +1.57867e-04
+2.53500e+04  +2.70516e-04  +1.60665e-04  +2.70516e-04  +1.60665e-04
+2.54500e+04  +2.66956e-04  +1.58670e-04  +2.66956e-04  +1.58670e-04
+2.55500e+04  +2.62443e-04  +1.55939e-04  +2.62443e-04  +1.55939e-04
+2.56500e+04  +2.54494e-04  +1.48970e-04  +2.54494e-04  +1.48970e-04
+2.57500e+04  +2.54846e-04  +1.52307e-04  +2.54846e-04  +1.52307e-04
+2.58500e+04  +2.51412e-04  +1.49557e-04  +2.51412e-04  +1.49557e-04
+2.59500e+04  +2.47699e-04  +1.47831e-04  +2.47699e-04  +1.47831e-04
+2.60500e+04  +2.43062e-04  +1.45671e-04  +2.43062e-04  +1.45671e-04
+2.61500e+04  +2.35507e-04  +1.39025e-04  +2.35507e-04  +1.39025e-04
+2.62500e+04  +2.29344e-04  +1.36420e-04  +2.29344e-04  +1.36420e-04
+2.63500e+04  +2.32794e-04  +1.39987e-04  +2.32794e-04  +1.39987e-04
+2.64500e+04  +2.30142e-04  +1.38457e-04  +2.30142e-04  +1.38457e-04
+2.65500e+04  +2.26732e-04  +1.36395e-04  +2.26732e-04  +1.36395e-04
+2.66500e+04  +2.23025e-04  +1.34188e-04  +2.23025e-04  +1.34188e-04
+2.67500e+04  +2.15569e-04  +1.28599e-04  +2.15569e-04  +1.28599e-04
+2.68500e+04  +2.16722e-04  +1.31196e-04  +2.16722e-04  +1.31196e-04
+2.69500e+04  +2.14197e-04  +1.29136e-04  +2.14197e-04  +1.29136e-04
+2.70500e+04  +2.11219e-04  +1.27910e-04  +2.11219e-04  +1.27910e-04
+2.71500e+04  +2.08241e-04  +1.26171e-04  +2.08241e-04  +1.26171e-04
+2.72500e+04  +2.05288e-04  +1.24723e-04  +2.05288e-04  +1.24723e-04
+2.73500e+04  +2.02400e-04  +1.22547e-04  +2.02400e-04  +1.22547e-04
+2.74500e+04  +1.99354e-04  +1.21309e-04  +1.99354e-04  +1.21309e-04
+2.75500e+04  +1.92616e-04  +1.16239e-04  +1.92616e-04  +1.16239e-04
+2.76500e+04  +1.92687e-04  +1.17408e-04  +1.92687e-04  +1.17408e-04
+2.77500e+04  +1.91265e-04  +1.16357e-04  +1.91265e-04  +1.16357e-04
+2.78500e+04  +1.88757e-04  +1.15206e-04  +1.88757e-04  +1.15206e-04
+2.79500e+04  +1.86190e-04  +1.13859e-04  +1.86190e-04  +1.13859e-04
+2.80500e+04  +1.83647e-04  +1.12355e-04  +1.83647e-04  +1.12355e-04
+2.81500e+04  +1.81132e-04  +1.10669e-04  +1.81132e-04  +1.10669e-04
+2.82500e+04  +1.78654e-04  +1.09424e-04  +1.78654e-04  +1.09424e-04
+2.83500e+04  +1.76234e-04  +1.08162e-04  +1.76234e-04  +1.08162e-04
+2.84500e+04  +1.73856e-04  +1.06707e-04  +1.73856e-04  +1.06707e-04
+2.85500e+04  +1.71407e-04  +1.05296e-04  +1.71407e-04  +1.05296e-04
+2.86500e+04  +1.68345e-04  +1.03647e-04  +1.68345e-04  +1.03647e-04
+2.87500e+04  +1.62756e-04  +9.93422e-05  +1.62756e-04  +9.93422e-05
+2.88500e+04  +1.64426e-04  +1.01347e-04  +1.64426e-04  +1.01347e-04
+2.89500e+04  +1.62522e-04  +1.00125e-04  +1.62522e-04  +1.00125e-04
+2.90500e+04  +1.60412e-04  +9.88652e-05  +1.60412e-04  +9.88652e-05
+2.91500e+04  +1.58278e-04  +9.76697e-05  +1.58278e-04  +9.76697e-05
+2.92500e+04  +1.56195e-04  +9.62759e-05  +1.56195e-04  +9.62759e-05
+2.93500e+04  +1.54170e-04  +9.52842e-05  +1.54170e-04  +9.52842e-05
+2.94500e+04  +1.52163e-04  +9.40214e-05  +1.52163e-04  +9.40214e-05
+2.95500e+04  +1.50177e-04  +9.28405e-05  +1.50177e-04  +9.28405e-05
+2.96500e+04  +1.48222e-04  +9.17806e-05  +1.48222e-04  +9.17806e-05
+2.97500e+04  +1.46309e-04  +9.06618e-05  +1.46309e-04  +9.06618e-05
+2.98500e+04  +1.44426e-04  +8.94915e-05  +1.44426e-04  +8.94915e-05
+2.99500e+04  +1.42572e-04  +8.83921e-05  +1.42572e-04  +8.83921e-05
+3.00500e+04  +1.40735e-04  +8.72845e-05  +1.40735e-04  +8.72845e-05
+3.01500e+04  +1.38914e-04  +8.62669e-05  +1.38914e-04  +8.62669e-05
+3.02500e+04  +1.36990e-04  +8.51507e-05  +1.36990e-04  +8.51507e-05
+3.03500e+04  +1.32556e-04  +8.19556e-05  +1.32556e-04  +8.19556e-05
+3.04500e+04  +1.32236e-04  +8.22525e-05  +1.32236e-04  +8.22525e-05
+3.05500e+04  +1.31925e-04  +8.20901e-05  +1.31925e-04  +8.20901e-05
+3.06500e+04  +1.30357e-04  +8.11118e-05  +1.30357e-04  +8.11118e-05
+3.07500e+04  +1.28732e-04  +8.01587e-05  +1.28732e-04  +8.01587e-05
+3.08500e+04  +1.27124e-04  +7.91216e-05  +1.27124e-04  +7.91216e-05
+3.09500e+04  +1.25545e-04  +7.81884e-05  +1.25545e-04  +7.81884e-05
+3.10500e+04  +1.23989e-04  +7.73012e-05  +1.23989e-04  +7.73012e-05
+3.11500e+04  +1.22439e-04  +7.63109e-05  +1.22439e-04  +7.63109e-05
+3.12500e+04  +1.20933e-04  +7.54416e-05  +1.20933e-04  +7.54416e-05
+3.13500e+04  +1.19460e-04  +7.45528e-05  +1.19460e-04  +7.45528e-05
+3.14500e+04  +1.17993e-04  +7.36415e-05  +1.17993e-04  +7.36415e-05
+3.15500e+04  +1.16551e-04  +7.27704e-05  +1.16551e-04  +7.27704e-05
+3.16500e+04  +1.15134e-04  +7.18789e-05  +1.15134e-04  +7.18789e-05
+3.17500e+04  +1.13720e-04  +7.10803e-05  +1.13720e-04  +7.10803e-05
+3.18500e+04  +1.12366e-04  +7.02344e-05  +1.12366e-04  +7.02344e-05
+3.19500e+04  +1.11011e-04  +6.94293e-05  +1.11011e-04  +6.94293e-05
+3.21000e+04  +1.09011e-04  +6.81934e-05  +1.09011e-04  +6.81934e-05
+3.23000e+04  +1.06405e-04  +6.65871e-05  +1.06405e-04  +6.65871e-05
+3.25000e+04  +1.03893e-04  +6.50537e-05  +1.03893e-04  +6.50537e-05
+3.27000e+04  +1.01443e-04  +6.35402e-05  +1.01443e-04  +6.35402e-05
+3.29000e+04  +9.74099e-05  +6.08760e-05  +9.74099e-05  +6.08760e-05
+3.31000e+04  +9.63953e-05  +6.04466e-05  +9.63953e-05  +6.04466e-05
+3.33000e+04  +9.44419e-05  +5.91824e-05  +9.44419e-05  +5.91824e-05
+3.35000e+04  +9.22967e-05  +5.78877e-05  +9.22967e-05  +5.78877e-05
+3.37000e+04  +9.02016e-05  +5.65711e-05  +9.02016e-05  +5.65711e-05
+3.39000e+04  +8.81566e-05  +5.52820e-05  +8.81566e-05  +5.52820e-05
+3.41000e+04  +8.61551e-05  +5.40082e-05  +8.61551e-05  +5.40082e-05
+3.43000e+04  +8.42127e-05  +5.28569e-05  +8.42127e-05  +5.28569e-05
+3.45000e+04  +8.22970e-05  +5.16933e-05  +8.22970e-05  +5.16933e-05
+3.47000e+04  +8.04742e-05  +5.05894e-05  +8.04742e-05  +5.05894e-05
+3.49000e+04  +7.86728e-05  +4.94517e-05  +7.86728e-05  +4.94517e-05
+3.51000e+04  +7.69589e-05  +4.84502e-05  +7.69589e-05  +4.84502e-05
+3.53000e+04  +7.52796e-05  +4.73945e-05  +7.52796e-05  +4.73945e-05
+3.55000e+04  +7.35902e-05  +4.63087e-05  +7.35902e-05  +4.63087e-05
+3.57000e+04  +7.19751e-05  +4.52694e-05  +7.19751e-05  +4.52694e-05
+3.59000e+04  +7.06353e-05  +4.47445e-05  +7.06353e-05  +4.47445e-05
+3.61000e+04  +6.88810e-05  +4.33407e-05  +6.88810e-05  +4.33407e-05
+3.63000e+04  +6.76558e-05  +4.29266e-05  +6.76558e-05  +4.29266e-05
+3.65000e+04  +6.59195e-05  +4.14938e-05  +6.59195e-05  +4.14938e-05
+3.67000e+04  +6.48384e-05  +4.11763e-05  +6.48384e-05  +4.11763e-05
+3.69000e+04  +6.31173e-05  +3.97039e-05  +6.31173e-05  +3.97039e-05
+3.71000e+04  +6.21063e-05  +3.94308e-05  +6.21063e-05  +3.94308e-05
+3.73000e+04  +6.04065e-05  +3.83972e-05  +6.04065e-05  +3.83972e-05
+3.75000e+04  +5.85697e-05  +3.68596e-05  +5.85697e-05  +3.68596e-05
+3.77000e+04  +5.83607e-05  +3.71252e-05  +5.83607e-05  +3.71252e-05
+3.79000e+04  +5.72035e-05  +3.63820e-05  +5.72035e-05  +3.63820e-05
+3.81000e+04  +5.57553e-05  +3.52974e-05  +5.57553e-05  +3.52974e-05
+3.83000e+04  +5.47075e-05  +3.47438e-05  +5.47075e-05  +3.47438e-05
+3.85000e+04  +5.37916e-05  +3.42819e-05  +5.37916e-05  +3.42819e-05
+3.87000e+04  +5.27224e-05  +3.35703e-05  +5.27224e-05  +3.35703e-05
+3.89000e+04  +5.16279e-05  +3.29090e-05  +5.16279e-05  +3.29090e-05
+3.91000e+04  +5.01824e-05  +3.17547e-05  +5.01824e-05  +3.17547e-05
+3.93000e+04  +4.96285e-05  +3.16757e-05  +4.96285e-05  +3.16757e-05
+3.95000e+04  +4.86631e-05  +3.10367e-05  +4.86631e-05  +3.10367e-05
+3.97000e+04  +4.77214e-05  +3.04494e-05  +4.77214e-05  +3.04494e-05
+3.99000e+04  +4.67872e-05  +2.98316e-05  +4.67872e-05  +2.98316e-05
+4.01000e+04  +4.56706e-05  +2.91132e-05  +4.56706e-05  +2.91132e-05
+4.03000e+04  +4.46201e-05  +2.84057e-05  +4.46201e-05  +2.84057e-05
+4.05000e+04  +4.34344e-05  +2.77285e-05  +4.34344e-05  +2.77285e-05
+4.07000e+04  +4.32567e-05  +2.76723e-05  +4.32567e-05  +2.76723e-05
+4.09000e+04  +4.24652e-05  +2.71648e-05  +4.24652e-05  +2.71648e-05
+4.11000e+04  +4.16671e-05  +2.66615e-05  +4.16671e-05  +2.66615e-05
+4.13000e+04  +4.08631e-05  +2.61721e-05  +4.08631e-05  +2.61721e-05
+4.15000e+04  +4.00713e-05  +2.56806e-05  +4.00713e-05  +2.56806e-05
+4.17000e+04  +3.88871e-05  +2.47638e-05  +3.88871e-05  +2.47638e-05
+4.19000e+04  +3.85930e-05  +2.47372e-05  +3.85930e-05  +2.47372e-05
+4.21000e+04  +3.79106e-05  +2.42879e-05  +3.79106e-05  +2.42879e-05
+4.23000e+04  +3.72162e-05  +2.38708e-05  +3.72162e-05  +2.38708e-05
+4.25000e+04  +3.65210e-05  +2.34247e-05  +3.65210e-05  +2.34247e-05
+4.27000e+04  +3.58662e-05  +2.30189e-05  +3.58662e-05  +2.30189e-05
+4.29000e+04  +3.51966e-05  +2.24015e-05  +3.51966e-05  +2.24015e-05
+4.31000e+04  +3.45795e-05  +2.17856e-05  +3.45795e-05  +2.17856e-05
+4.33000e+04  +3.39529e-05  +2.14866e-05  +3.39529e-05  +2.14866e-05
+4.35000e+04  +3.33251e-05  +2.09579e-05  +3.33251e-05  +2.09579e-05
+4.37000e+04  +3.23559e-05  +2.01987e-05  +3.23559e-05  +2.01987e-05
+4.39000e+04  +3.20711e-05  +2.00851e-05  +3.20711e-05  +2.00851e-05
+4.41000e+04  +3.15942e-05  +1.96639e-05  +3.15942e-05  +1.96639e-05
+4.43000e+04  +3.10403e-05  +1.93409e-05  +3.10403e-05  +1.93409e-05
+4.45000e+04  +3.04914e-05  +1.89855e-05  +3.04914e-05  +1.89855e-05
+4.47000e+04  +3.00015e-05  +1.86523e-05  +3.00015e-05  +1.86523e-05
+4.49000e+04  +2.94827e-05  +1.83986e-05  +2.94827e-05  +1.83986e-05
+4.51000e+04  +2.89721e-05  +1.80437e-05  +2.89721e-05  +1.80437e-05
+4.53000e+04  +2.84700e-05  +1.77038e-05  +2.84700e-05  +1.77038e-05
+4.55000e+04  +2.79794e-05  +1.74506e-05  +2.79794e-05  +1.74506e-05
+4.57000e+04  +2.75027e-05  +1.71540e-05  +2.75027e-05  +1.71540e-05
+4.59000e+04  +2.70355e-05  +1.68182e-05  +2.70355e-05  +1.68182e-05
+4.61000e+04  +2.65742e-05  +1.66010e-05  +2.65742e-05  +1.66010e-05
+4.63000e+04  +2.61098e-05  +1.63017e-05  +2.61098e-05  +1.63017e-05
+4.65000e+04  +2.52175e-05  +1.57340e-05  +2.52175e-05  +1.57340e-05
+4.67000e+04  +2.48527e-05  +1.54977e-05  +2.48527e-05  +1.54977e-05
+4.69000e+04  +2.47836e-05  +1.55246e-05  +2.47836e-05  +1.55246e-05
+4.71000e+04  +2.44239e-05  +1.52748e-05  +2.44239e-05  +1.52748e-05
+4.73000e+04  +2.40221e-05  +1.50801e-05  +2.40221e-05  +1.50801e-05
+4.75000e+04  +2.36240e-05  +1.48138e-05  +2.36240e-05  +1.48138e-05
+4.77000e+04  +2.32393e-05  +1.45795e-05  +2.32393e-05  +1.45795e-05
+4.79000e+04  +2.28622e-05  +1.43592e-05  +2.28622e-05  +1.43592e-05
+4.81000e+04  +2.24885e-05  +1.41019e-05  +2.24885e-05  +1.41019e-05
+4.83000e+04  +2.21229e-05  +1.39293e-05  +2.21229e-05  +1.39293e-05
+4.85000e+04  +2.17632e-05  +1.36997e-05  +2.17632e-05  +1.36997e-05
+4.87000e+04  +2.14174e-05  +1.34695e-05  +2.14174e-05  +1.34695e-05
+4.89000e+04  +2.10771e-05  +1.32618e-05  +2.10771e-05  +1.32618e-05
+4.91000e+04  +2.07419e-05  +1.30600e-05  +2.07419e-05  +1.30600e-05
+4.93000e+04  +2.04143e-05  +1.28568e-05  +2.04143e-05  +1.28568e-05
+4.95000e+04  +2.00897e-05  +1.26435e-05  +2.00897e-05  +1.26435e-05
+4.97000e+04  +1.97703e-05  +1.24813e-05  +1.97703e-05  +1.24813e-05
+4.99000e+04  +1.94571e-05  +1.22849e-05  +1.94571e-05  +1.22849e-05
+5.01000e+04  +1.91739e-05  +1.21028e-05  +1.91739e-05  +1.21028e-05
+5.03000e+04  +1.89190e-05  +1.19231e-05  +1.89190e-05  +1.19231e-05
+5.05000e+04  +1.86687e-05  +1.17274e-05  +1.86687e-05  +1.17274e-05
+5.07000e+04  +1.84242e-05  +1.15719e-05  +1.84242e-05  +1.15719e-05
+5.09000e+04  +1.81827e-05  +1.13958e-05  +1.81827e-05  +1.13958e-05
+5.11000e+04  +1.79178e-05  +1.12156e-05  +1.79178e-05  +1.12156e-05
+5.13000e+04  +1.74300e-05  +1.08593e-05  +1.74300e-05  +1.08593e-05
+5.15000e+04  +1.74700e-05  +1.08948e-05  +1.74700e-05  +1.08948e-05
+5.17000e+04  +1.72629e-05  +1.07611e-05  +1.72629e-05  +1.07611e-05
+5.19000e+04  +1.70447e-05  +1.05983e-05  +1.70447e-05  +1.05983e-05
+5.21000e+04  +1.68294e-05  +1.04524e-05  +1.68294e-05  +1.04524e-05
+5.23000e+04  +1.66172e-05  +1.02917e-05  +1.66172e-05  +1.02917e-05
+5.25000e+04  +1.64091e-05  +1.01554e-05  +1.64091e-05  +1.01554e-05
+5.27000e+04  +1.62056e-05  +1.00332e-05  +1.62056e-05  +1.00332e-05
+5.29000e+04  +1.60043e-05  +9.86782e-06  +1.60043e-05  +9.86782e-06
+5.31000e+04  +1.58066e-05  +9.72144e-06  +1.58066e-05  +9.72144e-06
+5.33000e+04  +1.56137e-05  +9.59978e-06  +1.56137e-05  +9.59978e-06
+5.35000e+04  +1.54229e-05  +9.46257e-06  +1.54229e-05  +9.46257e-06
+5.37000e+04  +1.52360e-05  +9.33463e-06  +1.52360e-05  +9.33463e-06
+5.39000e+04  +1.50527e-05  +9.20830e-06  +1.50527e-05  +9.20830e-06
+5.41000e+04  +1.48714e-05  +9.08245e-06  +1.48714e-05  +9.08245e-06
+5.43000e+04  +1.46934e-05  +8.94733e-06  +1.46934e-05  +8.94733e-06
+5.45000e+04  +1.45191e-05  +8.84177e-06  +1.45191e-05  +8.84177e-06
+5.47000e+04  +1.43465e-05  +8.70492e-06  +1.43465e-05  +8.70492e-06
+5.49000e+04  +1.41783e-05  +8.59942e-06  +1.41783e-05  +8.59942e-06
+5.51000e+04  +1.40131e-05  +8.47189e-06  +1.40131e-05  +8.47189e-06
+5.53000e+04  +1.38502e-05  +8.39339e-06  +1.38502e-05  +8.39339e-06
+5.55000e+04  +1.36893e-05  +8.25056e-06  +1.36893e-05  +8.25056e-06
+5.57000e+04  +1.35311e-05  +8.15598e-06  +1.35311e-05  +8.15598e-06
+5.59000e+04  +1.33745e-05  +8.03792e-06  +1.33745e-05  +8.03792e-06
+5.61000e+04  +1.32227e-05  +7.94706e-06  +1.32227e-05  +7.94706e-06
+5.63000e+04  +1.30728e-05  +7.82440e-06  +1.30728e-05  +7.82440e-06
+5.65000e+04  +1.29253e-05  +7.73584e-06  +1.29253e-05  +7.73584e-06
+5.67000e+04  +1.27805e-05  +7.63291e-06  +1.27805e-05  +7.63291e-06
+5.69000e+04  +1.26363e-05  +7.51887e-06  +1.26363e-05  +7.51887e-06
+5.71000e+04  +1.24962e-05  +7.43697e-06  +1.24962e-05  +7.43697e-06
+5.73000e+04  +1.23576e-05  +7.34054e-06  +1.23576e-05  +7.34054e-06
+5.75000e+04  +1.22218e-05  +7.24229e-06  +1.22218e-05  +7.24229e-06
+5.77000e+04  +1.20868e-05  +7.14925e-06  +1.20868e-05  +7.14925e-06
+5.79000e+04  +1.19550e-05  +7.06646e-06  +1.19550e-05  +7.06646e-06
+5.81000e+04  +1.18254e-05  +6.97008e-06  +1.18254e-05  +6.97008e-06
+5.83000e+04  +1.16973e-05  +6.88174e-06  +1.16973e-05  +6.88174e-06
+5.85000e+04  +1.15789e-05  +6.80586e-06  +1.15789e-05  +6.80586e-06
+5.87000e+04  +1.14528e-05  +6.71216e-06  +1.14528e-05  +6.71216e-06
+5.89000e+04  +1.13113e-05  +6.62503e-06  +1.13113e-05  +6.62503e-06
+5.91000e+04  +1.10356e-05  +6.42374e-06  +1.10356e-05  +6.42374e-06
+5.93000e+04  +1.10824e-05  +6.46569e-06  +1.10824e-05  +6.46569e-06
+5.95000e+04  +1.09753e-05  +6.37876e-06  +1.09753e-05  +6.37876e-06
+5.97000e+04  +1.08614e-05  +6.30780e-06  +1.08614e-05  +6.30780e-06
+5.99000e+04  +1.07482e-05  +6.22822e-06  +1.07482e-05  +6.22822e-06
+6.01000e+04  +1.06363e-05  +6.15151e-06  +1.06363e-05  +6.15151e-06
+6.03000e+04  +1.05269e-05  +6.07288e-06  +1.05269e-05  +6.07288e-06
+6.05000e+04  +1.04188e-05  +5.99284e-06  +1.04188e-05  +5.99284e-06
+6.07000e+04  +1.03120e-05  +5.91981e-06  +1.03120e-05  +5.91981e-06
+6.09000e+04  +1.02074e-05  +5.84604e-06  +1.02074e-05  +5.84604e-06
+6.11000e+04  +1.01030e-05  +5.77270e-06  +1.01030e-05  +5.77270e-06
+6.13000e+04  +1.00011e-05  +5.70630e-06  +1.00011e-05  +5.70630e-06
+6.15000e+04  +9.90067e-06  +5.63864e-06  +9.90067e-06  +5.63864e-06
+6.17000e+04  +9.80209e-06  +5.57433e-06  +9.80209e-06  +5.57433e-06
+6.19000e+04  +9.70313e-06  +5.50296e-06  +9.70313e-06  +5.50296e-06
+6.21000e+04  +9.60704e-06  +5.43934e-06  +9.60704e-06  +5.43934e-06
+6.23000e+04  +9.51183e-06  +5.36987e-06  +9.51183e-06  +5.36987e-06
+6.25000e+04  +9.41906e-06  +5.30224e-06  +9.41906e-06  +5.30224e-06
+6.27000e+04  +9.32658e-06  +5.23877e-06  +9.32658e-06  +5.23877e-06
+6.29000e+04  +9.23557e-06  +5.17757e-06  +9.23557e-06  +5.17757e-06
+6.31000e+04  +9.14568e-06  +5.11561e-06  +9.14568e-06  +5.11561e-06
+6.33000e+04  +9.05730e-06  +5.05921e-06  +9.05730e-06  +5.05921e-06
+6.35000e+04  +8.97012e-06  +4.99615e-06  +8.97012e-06  +4.99615e-06
+6.37000e+04  +8.88385e-06  +4.94178e-06  +8.88385e-06  +4.94178e-06
+6.39000e+04  +8.79908e-06  +4.87978e-06  +8.79908e-06  +4.87978e-06
+6.42000e+04  +8.67388e-06  +4.79646e-06  +8.67388e-06  +4.79646e-06
+6.46000e+04  +8.51059e-06  +4.68330e-06  +8.51059e-06  +4.68330e-06
+6.50000e+04  +8.35221e-06  +4.57568e-06  +8.35221e-06  +4.57568e-06
+6.54000e+04  +8.19773e-06  +4.46987e-06  +8.19773e-06  +4.46987e-06
+6.58000e+04  +8.04730e-06  +4.36927e-06  +8.04730e-06  +4.36927e-06
+6.62000e+04  +7.90065e-06  +4.26897e-06  +7.90065e-06  +4.26897e-06
+6.66000e+04  +7.75799e-06  +4.17218e-06  +7.75799e-06  +4.17218e-06
+6.70000e+04  +7.61849e-06  +4.07907e-06  +7.61849e-06  +4.07907e-06
+6.74000e+04  +7.48326e-06  +3.98713e-06  +7.48326e-06  +3.98713e-06
+6.78000e+04  +7.35049e-06  +3.89838e-06  +7.35049e-06  +3.89838e-06
+6.82000e+04  +7.22167e-06  +3.81192e-06  +7.22167e-06  +3.81192e-06
+6.86000e+04  +7.09560e-06  +3.72901e-06  +7.09560e-06  +3.72901e-06
+6.90000e+04  +6.97253e-06  +3.64648e-06  +6.97253e-06  +3.64648e-06
+6.94000e+04  +6.85269e-06  +3.56764e-06  +6.85269e-06  +3.56764e-06
+6.98000e+04  +6.73511e-06  +3.49011e-06  +6.73511e-06  +3.49011e-06
+7.02000e+04  +6.62092e-06  +3.41480e-06  +6.62092e-06  +3.41480e-06
+7.06000e+04  +6.50900e-06  +3.34248e-06  +6.50900e-06  +3.34248e-06
+7.10000e+04  +6.40014e-06  +3.27095e-06  +6.40014e-06  +3.27095e-06
+7.14000e+04  +6.29367e-06  +3.20195e-06  +6.29367e-06  +3.20195e-06
+7.18000e+04  +6.18952e-06  +3.13424e-06  +6.18952e-06  +3.13424e-06
+7.22000e+04  +6.08735e-06  +3.06879e-06  +6.08735e-06  +3.06879e-06
+7.26000e+04  +5.98739e-06  +3.00458e-06  +5.98739e-06  +3.00458e-06
+7.30000e+04  +5.88997e-06  +2.94248e-06  +5.88997e-06  +2.94248e-06
+7.34000e+04  +5.79454e-06  +2.88146e-06  +5.79454e-06  +2.88146e-06
+7.38000e+04  +5.70104e-06  +2.82285e-06  +5.70104e-06  +2.82285e-06
+7.42000e+04  +5.60677e-06  +2.76427e-06  +5.60677e-06  +2.76427e-06
+7.46000e+04  +5.47682e-06  +2.68212e-06  +5.47682e-06  +2.68212e-06
+7.50000e+04  +5.38990e-06  +2.62873e-06  +5.38990e-06  +2.62873e-06
+7.54000e+04  +5.34545e-06  +2.60038e-06  +5.34545e-06  +2.60038e-06
+7.58000e+04  +5.26281e-06  +2.54897e-06  +5.26281e-06  +2.54897e-06
+7.62000e+04  +5.18037e-06  +2.49866e-06  +5.18037e-06  +2.49866e-06
+7.66000e+04  +5.09943e-06  +2.44912e-06  +5.09943e-06  +2.44912e-06
+7.70000e+04  +5.02024e-06  +2.40073e-06  +5.02024e-06  +2.40073e-06
+7.74000e+04  +4.94245e-06  +2.35395e-06  +4.94245e-06  +2.35395e-06
+7.78000e+04  +4.86637e-06  +2.30804e-06  +4.86637e-06  +2.30804e-06
+7.82000e+04  +4.79164e-06  +2.26319e-06  +4.79164e-06  +2.26319e-06
+7.86000e+04  +4.71848e-06  +2.21990e-06  +4.71848e-06  +2.21990e-06
+7.90000e+04  +4.64632e-06  +2.17716e-06  +4.64632e-06  +2.17716e-06
+7.94000e+04  +4.57562e-06  +2.13573e-06  +4.57562e-06  +2.13573e-06
+7.98000e+04  +4.50616e-06  +2.09523e-06  +4.50616e-06  +2.09523e-06
+8.02000e+04  +4.43781e-06  +2.05515e-06  +4.43781e-06  +2.05515e-06
+8.06000e+04  +4.37102e-06  +2.01659e-06  +4.37102e-06  +2.01659e-06
+8.10000e+04  +4.30527e-06  +1.97903e-06  +4.30527e-06  +1.97903e-06
+8.14000e+04  +4.24054e-06  +1.94201e-06  +4.24054e-06  +1.94201e-06
+8.18000e+04  +4.17693e-06  +1.90616e-06  +4.17693e-06  +1.90616e-06
+8.22000e+04  +4.11449e-06  +1.87085e-06  +4.11449e-06  +1.87085e-06
+8.26000e+04  +4.05308e-06  +1.83649e-06  +4.05308e-06  +1.83649e-06
+8.30000e+04  +3.99268e-06  +1.80289e-06  +3.99268e-06  +1.80289e-06
+8.34000e+04  +3.93317e-06  +1.76971e-06  +3.93317e-06  +1.76971e-06
+8.38000e+04  +3.87462e-06  +1.73746e-06  +3.87462e-06  +1.73746e-06
+8.42000e+04  +3.81705e-06  +1.70624e-06  +3.81705e-06  +1.70624e-06
+8.46000e+04  +3.76030e-06  +1.67543e-06  +3.76030e-06  +1.67543e-06
+8.50000e+04  +3.70452e-06  +1.64560e-06  +3.70452e-06  +1.64560e-06
+8.54000e+04  +3.64963e-06  +1.61625e-06  +3.64963e-06  +1.61625e-06
+8.58000e+04  +3.59547e-06  +1.58758e-06  +3.59547e-06  +1.58758e-06
+8.62000e+04  +3.54219e-06  +1.55962e-06  +3.54219e-06  +1.55962e-06
+8.66000e+04  +3.48971e-06  +1.53225e-06  +3.48971e-06  +1.53225e-06
+8.70000e+04  +3.43797e-06  +1.50551e-06  +3.43797e-06  +1.50551e-06
+8.74000e+04  +3.38708e-06  +1.47923e-06  +3.38708e-06  +1.47923e-06
+8.78000e+04  +3.33672e-06  +1.45359e-06  +3.33672e-06  +1.45359e-06
+8.82000e+04  +3.28709e-06  +1.42816e-06  +3.28709e-06  +1.42816e-06
+8.86000e+04  +3.23819e-06  +1.40351e-06  +3.23819e-06  +1.40351e-06
+8.90000e+04  +3.18984e-06  +1.37948e-06  +3.18984e-06  +1.37948e-06
+8.94000e+04  +3.14234e-06  +1.35599e-06  +3.14234e-06  +1.35599e-06
+8.98000e+04  +3.09530e-06  +1.33266e-06  +3.09530e-06  +1.33266e-06
+9.02000e+04  +3.04904e-06  +1.31019e-06  +3.04904e-06  +1.31019e-06
+9.06000e+04  +3.00336e-06  +1.28808e-06  +3.00336e-06  +1.28808e-06
+9.10000e+04  +2.95816e-06  +1.26605e-06  +2.95816e-06  +1.26605e-06
+9.14000e+04  +2.91352e-06  +1.24497e-06  +2.91352e-06  +1.24497e-06
+9.18000e+04  +2.86950e-06  +1.22417e-06  +2.86950e-06  +1.22417e-06
+9.22000e+04  +2.82606e-06  +1.20396e-06  +2.82606e-06  +1.20396e-06
+9.26000e+04  +2.78319e-06  +1.18379e-06  +2.78319e-06  +1.18379e-06
+9.30000e+04  +2.74062e-06  +1.16417e-06  +2.74062e-06  +1.16417e-06
+9.34000e+04  +2.69861e-06  +1.14484e-06  +2.69861e-06  +1.14484e-06
+9.38000e+04  +2.65725e-06  +1.12602e-06  +2.65725e-06  +1.12602e-06
+9.42000e+04  +2.61625e-06  +1.10757e-06  +2.61625e-06  +1.10757e-06
+9.46000e+04  +2.57573e-06  +1.08931e-06  +2.57573e-06  +1.08931e-06
+9.50000e+04  +2.53578e-06  +1.07163e-06  +2.53578e-06  +1.07163e-06
+9.54000e+04  +2.49613e-06  +1.05423e-06  +2.49613e-06  +1.05423e-06
+9.58000e+04  +2.45684e-06  +1.03714e-06  +2.45684e-06  +1.03714e-06
+9.62000e+04  +2.41804e-06  +1.02030e-06  +2.41804e-06  +1.02030e-06
+9.66000e+04  +2.37972e-06  +1.00377e-06  +2.37972e-06  +1.00377e-06
+9.70000e+04  +2.34182e-06  +9.87670e-07  +2.34182e-06  +9.87670e-07
+9.74000e+04  +2.30420e-06  +9.71589e-07  +2.30420e-06  +9.71589e-07
+9.78000e+04  +2.26701e-06  +9.56262e-07  +2.26701e-06  +9.56262e-07
+9.82000e+04  +2.23015e-06  +9.41050e-07  +2.23015e-06  +9.41050e-07
+9.86000e+04  +2.19376e-06  +9.26010e-07  +2.19376e-06  +9.26010e-07
+9.90000e+04  +2.15767e-06  +9.11261e-07  +2.15767e-06  +9.11261e-07
+9.94000e+04  +2.12182e-06  +8.96828e-07  +2.12182e-06  +8.96828e-07
+9.98000e+04  +2.08635e-06  +8.82700e-07  +2.08635e-06  +8.82700e-07
+1.00200e+05  +2.05131e-06  +8.68701e-07  +2.05131e-06  +8.68701e-07
+2.00000e+05  +1.08620e-07  +5.50061e-08  +1.08620e-07  +5.50061e-08
+4.00000e+05  +7.40018e-09  +3.48425e-09  +7.40018e-09  +3.48425e-09
+6.00000e+05  +9.75914e-10  +6.63074e-10  +9.75914e-10  +6.63074e-10
+8.00000e+05  +3.54880e-10  +2.10649e-10  +3.54880e-10  +2.10649e-10
+1.00000e+06  +1.27447e-10  +8.50821e-11  +1.27447e-10  +8.50821e-11
+1.20000e+06  +7.47573e-11  +4.13256e-11  +7.47573e-11  +4.13256e-11
+1.40000e+06  +5.19125e-11  +2.27935e-11  +5.19125e-11  +2.27935e-11
+1.60000e+06  +4.05478e-11  +1.39875e-11  +4.05478e-11  +1.39875e-11
