### Alberto Saldana-Lopez (UniGE)
# 2023/01/27 13:50:26
#
# --------------------------------------------------------------------------------
#    CDFS017345 - stellar continuum SED (full) - ficus.py
# --------------------------------------------------------------------------------
# 
### inputs ### 
# spec_name   --> CDFS017345
# z_spec      --> 3.6052
# plot_mode   --> yes
# ssp_models  --> sb99
# Zarray      --> ['001', '004', '008', '02']
# att_law     --> r16
# wave_range  --> [1200. 1920.]
# wave_norm   --> [1350. 1370.]
# r_obs       --> 600.0
# nsim        --> 100
# 
### outputs ### 
# norm_factor --> 6.972483143908366e-19
# arrays      --> wave(A), Flux.MOD, Flux.MODerr, Flux.INT, Flux.INTerr 
# 
# 
# wave(A)     Flux.MOD      Flux.MODerr   Flux.INT      Flux.INTerr 
+9.10000e+01  +2.29860e-31  +4.26768e-23  +1.96223e-08  +3.61798e-05
+9.40000e+01  +4.95134e-30  +3.73295e-22  +1.90520e-08  +3.46645e-05
+9.60000e+01  +3.93126e-29  +1.68959e-21  +2.23868e-08  +4.01370e-05
+9.80000e+01  +2.25903e-28  +5.57592e-21  +2.13156e-08  +3.67278e-05
+1.00000e+02  +2.79255e-27  +4.33191e-20  +4.84523e-08  +8.52110e-05
+1.02000e+02  +2.20334e-26  +2.14615e-19  +7.73919e-08  +1.35007e-04
+1.04000e+02  +8.32729e-26  +4.85522e-19  +6.47200e-08  +1.04054e-04
+1.06000e+02  +6.40842e-25  +2.49834e-18  +1.19669e-07  +1.93409e-04
+1.08000e+02  +7.38800e-24  +2.07482e-17  +3.57792e-07  +6.12369e-04
+1.10000e+02  +1.10335e-23  +1.48326e-17  +1.48769e-07  +1.75579e-04
+1.14000e+02  +3.67823e-22  +2.60419e-16  +4.66537e-07  +5.68221e-04
+1.18000e+02  +6.48913e-21  +1.81120e-15  +9.74197e-07  +8.55337e-04
+1.21000e+02  +6.98974e-18  +1.62437e-14  +2.41883e-04  +1.35724e-03
+1.25000e+02  +3.21896e-17  +4.93437e-14  +1.84226e-04  +1.38331e-03
+1.27000e+02  +2.14241e-17  +6.76662e-14  +5.30085e-05  +1.50744e-03
+1.28000e+02  +4.21124e-17  +6.23753e-14  +6.94906e-05  +8.97094e-04
+1.31000e+02  +1.19518e-17  +6.64948e-14  +6.17101e-06  +5.11350e-04
+1.32000e+02  +7.09450e-18  +8.93694e-14  +2.52930e-06  +5.32932e-04
+1.34000e+02  +1.85056e-17  +1.58825e-13  +3.22163e-06  +5.60141e-04
+1.37000e+02  +1.10452e-16  +5.70319e-13  +6.94174e-06  +9.44628e-04
+1.40000e+02  +8.90571e-15  +2.81399e-12  +2.15121e-04  +1.62949e-03
+1.43000e+02  +2.44003e-14  +6.43822e-12  +2.39946e-04  +2.02524e-03
+1.47000e+02  +6.00681e-14  +1.08801e-11  +1.93376e-04  +1.49245e-03
+1.51000e+02  +2.82470e-14  +2.91774e-11  +3.23935e-05  +2.35917e-03
+1.55000e+02  +2.33531e-13  +6.29905e-11  +1.02938e-04  +2.35372e-03
+1.59000e+02  +3.89231e-12  +2.05405e-10  +7.06286e-04  +2.51346e-03
+1.62000e+02  +1.85256e-12  +1.09973e-10  +1.80008e-04  +1.09954e-03
+1.66000e+02  +2.28865e-12  +1.35602e-10  +1.01665e-04  +8.48062e-04
+1.70000e+02  +6.87380e-12  +1.42194e-10  +1.47108e-04  +4.90526e-04
+1.73000e+02  +2.86235e-11  +1.17720e-09  +3.65609e-04  +2.53482e-03
+1.77000e+02  +1.04123e-10  +2.39821e-09  +6.94717e-04  +2.74171e-03
+1.80000e+02  +8.86496e-11  +1.95039e-09  +3.73354e-04  +1.77760e-03
+1.82000e+02  +1.34434e-10  +2.74467e-09  +4.21657e-04  +1.96102e-03
+1.86000e+02  +1.58409e-09  +6.38250e-09  +2.83135e-03  +3.04177e-03
+1.91000e+02  +1.01383e-09  +9.96387e-09  +9.40305e-04  +2.57108e-03
+1.94000e+02  +1.82494e-09  +3.47886e-09  +1.16845e-03  +6.74976e-04
+1.98000e+02  +4.91903e-09  +3.72017e-08  +1.96975e-03  +4.41948e-03
+2.02000e+02  +8.33811e-09  +4.74228e-08  +2.14390e-03  +4.02578e-03
+2.05000e+02  +1.33876e-08  +5.44186e-08  +2.50916e-03  +3.62332e-03
+2.10000e+02  +3.63291e-08  +1.13202e-07  +4.13573e-03  +4.87349e-03
+2.16000e+02  +1.16783e-07  +3.36404e-07  +7.62935e-03  +5.72810e-03
+2.20000e+02  +1.25226e-07  +2.80858e-07  +5.78516e-03  +5.54777e-03
+2.23000e+02  +2.63859e-07  +4.78741e-07  +9.50899e-03  +6.47599e-03
+2.27000e+02  +4.16985e-07  +5.60938e-07  +1.09479e-02  +6.34077e-03
+2.30000e+02  +1.01833e-05  +8.38857e-06  +2.12994e-01  +1.11728e-01
+2.34000e+02  +2.98272e-06  +3.36601e-06  +4.66658e-02  +1.78759e-02
+2.40000e+02  +4.22366e-06  +6.65114e-06  +4.38533e-02  +2.17299e-02
+2.46000e+02  +2.26593e-04  +1.68101e-04  +1.60569e+00  +9.67013e-01
+2.52000e+02  +3.83662e-04  +2.64555e-04  +1.90339e+00  +8.83871e-01
+2.57000e+02  +6.87270e-04  +4.57231e-04  +2.57877e+00  +1.09369e+00
+2.60000e+02  +4.19256e-04  +2.94847e-04  +1.34007e+00  +4.61179e-01
+2.64000e+02  +6.08927e-04  +5.18920e-04  +1.58423e+00  +4.25762e-01
+2.69000e+02  +7.38745e-04  +5.36861e-04  +1.50396e+00  +4.23488e-01
+2.74000e+02  +1.82946e-03  +1.08756e-03  +2.95109e+00  +1.14555e+00
+2.79000e+02  +1.03793e-03  +5.84732e-04  +1.34216e+00  +6.37234e-01
+2.84000e+02  +1.72354e-03  +8.80812e-04  +1.80612e+00  +6.93493e-01
+2.90000e+02  +1.43456e-03  +9.69984e-04  +1.18376e+00  +2.81080e-01
+2.96000e+02  +2.00619e-03  +1.06116e-03  +1.32125e+00  +4.53544e-01
+3.01000e+02  +4.10572e-03  +1.96552e-03  +2.26224e+00  +1.00454e+00
+3.08000e+02  +5.87040e-03  +2.75180e-03  +2.55405e+00  +1.16060e+00
+3.18000e+02  +7.69100e-03  +3.80323e-03  +2.44801e+00  +5.71364e-01
+3.28000e+02  +1.28078e-02  +5.06408e-03  +3.06178e+00  +1.16844e+00
+3.38000e+02  +1.05502e-02  +4.29252e-03  +1.93888e+00  +7.42861e-01
+3.48000e+02  +1.66305e-02  +7.53665e-03  +2.39884e+00  +1.18185e+00
+3.57000e+02  +1.47276e-02  +5.57339e-03  +1.73569e+00  +6.87199e-01
+3.66000e+02  +2.92070e-02  +9.54851e-03  +2.85093e+00  +8.62432e-01
+3.75000e+02  +1.91543e-02  +7.05828e-03  +1.56786e+00  +2.73666e-01
+3.85000e+02  +4.35276e-02  +1.40909e-02  +2.96881e+00  +1.08766e+00
+3.95000e+02  +4.08647e-02  +1.19569e-02  +2.35188e+00  +7.13335e-01
+4.05000e+02  +5.76306e-02  +1.49221e-02  +2.83095e+00  +7.05564e-01
+4.14000e+02  +7.80353e-02  +1.98534e-02  +3.35374e+00  +8.93706e-01
+4.22000e+02  +7.96775e-02  +2.16619e-02  +3.06062e+00  +9.46805e-01
+4.30000e+02  +8.82482e-02  +2.22165e-02  +3.04707e+00  +8.67844e-01
+4.41000e+02  +8.68519e-02  +2.25415e-02  +2.61225e+00  +7.22076e-01
+4.51000e+02  +1.08159e-01  +3.32234e-02  +2.89230e+00  +1.06531e+00
+4.60000e+02  +1.08298e-01  +3.08932e-02  +2.62069e+00  +8.91745e-01
+4.70000e+02  +1.61757e-01  +3.66874e-02  +3.52438e+00  +9.75144e-01
+4.80000e+02  +1.42409e-01  +3.18873e-02  +2.81024e+00  +7.33732e-01
+4.90000e+02  +1.41626e-01  +4.09277e-02  +2.54505e+00  +9.18569e-01
+5.00000e+02  +2.02695e-01  +4.45131e-02  +3.33376e+00  +9.17072e-01
+5.06000e+02  +2.08552e-01  +4.50937e-02  +3.25993e+00  +8.78376e-01
+5.12000e+02  +2.11999e-01  +4.09633e-02  +3.15447e+00  +7.38844e-01
+5.20000e+02  +2.54260e-01  +5.02409e-02  +3.55115e+00  +8.85413e-01
+5.30000e+02  +2.56979e-01  +5.40543e-02  +3.32793e+00  +8.74978e-01
+5.40000e+02  +2.04605e-01  +5.85883e-02  +2.46606e+00  +8.53494e-01
+5.50000e+02  +2.20989e-01  +5.51404e-02  +2.48762e+00  +7.45285e-01
+5.60000e+02  +3.16644e-01  +5.96412e-02  +3.33983e+00  +8.06577e-01
+5.70000e+02  +3.14982e-01  +5.76337e-02  +3.12247e+00  +7.29772e-01
+5.80000e+02  +3.35434e-01  +6.52195e-02  +3.13412e+00  +8.00625e-01
+5.90000e+02  +3.75152e-01  +6.62211e-02  +3.31260e+00  +7.77556e-01
+6.00000e+02  +3.15017e-01  +6.79168e-02  +2.63532e+00  +7.20179e-01
+6.10000e+02  +4.30755e-01  +6.61066e-02  +3.42206e+00  +6.96082e-01
+6.20000e+02  +4.11270e-01  +6.96673e-02  +3.10958e+00  +6.91784e-01
+6.30000e+02  +6.81767e-01  +1.91165e-01  +4.91617e+00  +1.71065e+00
+6.40000e+02  +3.99401e-01  +7.36651e-02  +2.75211e+00  +6.61114e-01
+6.50000e+02  +4.46320e-01  +7.52904e-02  +2.94422e+00  +6.63110e-01
+6.58000e+02  +4.36674e-01  +7.68054e-02  +2.78535e+00  +6.46417e-01
+6.65000e+02  +4.44655e-01  +7.98589e-02  +2.75645e+00  +6.45296e-01
+6.75000e+02  +4.80263e-01  +7.72938e-02  +2.86210e+00  +6.20409e-01
+6.85000e+02  +4.77889e-01  +8.00584e-02  +2.74199e+00  +6.11573e-01
+6.95000e+02  +4.87610e-01  +8.05584e-02  +2.69754e+00  +5.95273e-01
+7.05000e+02  +5.10562e-01  +7.97354e-02  +2.72701e+00  +5.59087e-01
+7.16000e+02  +5.30644e-01  +8.18477e-02  +2.73089e+00  +5.69193e-01
+7.26000e+02  +5.36233e-01  +8.23499e-02  +2.67140e+00  +5.54487e-01
+7.35000e+02  +5.38618e-01  +8.29411e-02  +2.60849e+00  +5.35260e-01
+7.45000e+02  +5.33719e-01  +7.90588e-02  +2.50746e+00  +4.98577e-01
+7.55000e+02  +3.98595e-01  +5.59130e-02  +1.81853e+00  +2.70590e-01
+7.65000e+02  +5.57385e-01  +9.07415e-02  +2.47199e+00  +5.26921e-01
+7.75000e+02  +4.85324e-01  +7.63502e-02  +2.09429e+00  +4.37089e-01
+7.85000e+02  +3.79176e-01  +1.02844e-01  +1.59350e+00  +5.11830e-01
+7.95000e+02  +5.81112e-01  +8.63280e-02  +2.38041e+00  +4.71084e-01
+8.05000e+02  +5.96125e-01  +8.61851e-02  +2.38214e+00  +4.58559e-01
+8.15000e+02  +5.94322e-01  +8.73729e-02  +2.31864e+00  +4.54941e-01
+8.25000e+02  +6.03611e-01  +8.72209e-02  +2.30078e+00  +4.42336e-01
+8.35000e+02  +4.62064e-01  +9.61463e-02  +1.72202e+00  +4.42718e-01
+8.45000e+02  +6.13377e-01  +8.66832e-02  +2.23656e+00  +4.18621e-01
+8.55000e+02  +5.95888e-01  +8.91693e-02  +2.12726e+00  +4.18368e-01
+8.65000e+02  +6.05073e-01  +9.06920e-02  +2.11612e+00  +4.07743e-01
+8.75000e+02  +6.23067e-01  +8.57652e-02  +2.13602e+00  +3.88675e-01
+8.85000e+02  +6.30030e-01  +8.75353e-02  +2.11847e+00  +3.87044e-01
+8.95000e+02  +6.33657e-01  +8.72432e-02  +2.09096e+00  +3.79334e-01
+9.05000e+02  +6.35456e-01  +8.60740e-02  +2.05892e+00  +3.65594e-01
+9.15000e+02  +1.12582e+00  +1.30575e-01  +3.58349e+00  +5.08082e-01
+9.25000e+02  +9.21114e-01  +1.13831e-01  +2.88170e+00  +4.56047e-01
+9.35000e+02  +1.41245e+00  +1.47429e-01  +4.34522e+00  +5.64552e-01
+9.45000e+02  +1.41657e+00  +1.28325e-01  +4.28721e+00  +5.15131e-01
+9.55000e+02  +1.37934e+00  +1.07395e-01  +4.10864e+00  +4.58750e-01
+9.65000e+02  +1.43359e+00  +9.95840e-02  +4.20457e+00  +4.32063e-01
+9.75000e+02  +1.18870e+00  +1.19979e-01  +3.43415e+00  +4.58341e-01
+9.85000e+02  +1.33275e+00  +8.21215e-02  +3.79413e+00  +3.68574e-01
+9.95000e+02  +1.36162e+00  +7.24439e-02  +3.82118e+00  +3.41789e-01
+1.00500e+03  +1.31626e+00  +6.38853e-02  +3.64266e+00  +3.43461e-01
+1.01500e+03  +1.40677e+00  +7.28668e-02  +3.84050e+00  +3.50557e-01
+1.02500e+03  +1.22147e+00  +1.20476e-01  +3.29064e+00  +4.22673e-01
+1.03500e+03  +1.34225e+00  +8.46209e-02  +3.56951e+00  +3.51607e-01
+1.04500e+03  +1.42526e+00  +4.93703e-02  +3.74264e+00  +2.97577e-01
+1.05500e+03  +1.41074e+00  +4.58420e-02  +3.65911e+00  +2.86438e-01
+1.06500e+03  +1.36562e+00  +5.01534e-02  +3.49967e+00  +2.81907e-01
+1.07500e+03  +1.33114e+00  +3.93449e-02  +3.37140e+00  +2.75112e-01
+1.08500e+03  +1.29280e+00  +4.65131e-02  +3.23691e+00  +2.56777e-01
+1.09500e+03  +1.36162e+00  +3.75060e-02  +3.37118e+00  +2.53825e-01
+1.10500e+03  +1.33565e+00  +3.89025e-02  +3.27079e+00  +2.46131e-01
+1.11500e+03  +1.28214e+00  +3.58652e-02  +3.10628e+00  +2.42633e-01
+1.12500e+03  +1.19334e+00  +3.76539e-02  +2.86099e+00  +2.36348e-01
+1.13500e+03  +1.30255e+00  +3.11037e-02  +3.09096e+00  +2.26562e-01
+1.14500e+03  +1.27553e+00  +3.35065e-02  +2.99664e+00  +2.22738e-01
+1.15500e+03  +1.20765e+00  +2.82647e-02  +2.80948e+00  +2.18119e-01
+1.16500e+03  +1.19510e+00  +2.73451e-02  +2.75372e+00  +2.08023e-01
+1.17500e+03  +1.11682e+00  +3.32412e-02  +2.54928e+00  +2.04683e-01
+1.18500e+03  +1.22186e+00  +2.42724e-02  +2.76352e+00  +1.96864e-01
+1.19500e+03  +1.14761e+00  +3.93990e-02  +2.57232e+00  +2.06076e-01
+1.20500e+03  +1.11265e+00  +5.43870e-02  +2.47208e+00  +2.21141e-01
+1.21500e+03  +1.01868e+00  +9.37640e-02  +2.24382e+00  +2.68795e-01
+1.22500e+03  +1.11256e+00  +5.10023e-02  +2.42997e+00  +2.10733e-01
+1.23500e+03  +9.01236e-01  +7.67649e-02  +1.95215e+00  +2.27636e-01
+1.24500e+03  +1.25397e+00  +4.59110e-02  +2.69422e+00  +1.94849e-01
+1.25500e+03  +1.10887e+00  +1.82002e-02  +2.36356e+00  +1.62551e-01
+1.26500e+03  +1.10659e+00  +1.91761e-02  +2.34035e+00  +1.63169e-01
+1.27500e+03  +1.10881e+00  +1.37489e-02  +2.32717e+00  +1.56795e-01
+1.28500e+03  +1.08559e+00  +1.30280e-02  +2.26138e+00  +1.50045e-01
+1.29500e+03  +1.05269e+00  +1.30602e-02  +2.17676e+00  +1.44653e-01
+1.30500e+03  +1.05707e+00  +1.48946e-02  +2.17008e+00  +1.43906e-01
+1.31500e+03  +1.04973e+00  +1.21979e-02  +2.13978e+00  +1.38939e-01
+1.32500e+03  +1.03010e+00  +1.11826e-02  +2.08521e+00  +1.34391e-01
+1.33500e+03  +1.02153e+00  +1.18993e-02  +2.05379e+00  +1.32676e-01
+1.34500e+03  +9.90668e-01  +1.24297e-02  +1.97843e+00  +1.31163e-01
+1.35500e+03  +1.01054e+00  +1.17977e-02  +2.00488e+00  +1.25139e-01
+1.36500e+03  +9.87114e-01  +9.77988e-03  +1.94578e+00  +1.21358e-01
+1.37500e+03  +9.76738e-01  +1.02024e-02  +1.91315e+00  +1.17534e-01
+1.38500e+03  +9.40406e-01  +1.31303e-02  +1.83054e+00  +1.17415e-01
+1.39500e+03  +9.08463e-01  +1.53933e-02  +1.75756e+00  +1.13006e-01
+1.40500e+03  +9.24469e-01  +1.37385e-02  +1.77779e+00  +1.06884e-01
+1.41500e+03  +9.25095e-01  +1.02183e-02  +1.76851e+00  +1.05645e-01
+1.42500e+03  +8.85331e-01  +1.26493e-02  +1.68268e+00  +1.04833e-01
+1.43500e+03  +8.87890e-01  +1.01690e-02  +1.67794e+00  +1.03819e-01
+1.44200e+03  +8.91526e-01  +1.20834e-02  +1.67818e+00  +1.02035e-01
+1.44700e+03  +8.82930e-01  +1.26797e-02  +1.65737e+00  +1.00168e-01
+1.45500e+03  +8.74561e-01  +1.20966e-02  +1.63444e+00  +9.78920e-02
+1.46500e+03  +8.59997e-01  +1.06054e-02  +1.59852e+00  +9.40157e-02
+1.47500e+03  +8.52186e-01  +1.03950e-02  +1.57557e+00  +9.28028e-02
+1.48500e+03  +8.40919e-01  +1.05780e-02  +1.54659e+00  +9.03121e-02
+1.49500e+03  +8.32882e-01  +1.14887e-02  +1.52392e+00  +8.87387e-02
+1.50500e+03  +8.14032e-01  +1.05105e-02  +1.48188e+00  +8.55169e-02
+1.51200e+03  +7.94633e-01  +9.16114e-03  +1.44150e+00  +8.24241e-02
+1.51700e+03  +7.97639e-01  +9.93192e-03  +1.44337e+00  +8.18988e-02
+1.52500e+03  +7.84047e-01  +1.14119e-02  +1.41321e+00  +8.05071e-02
+1.53500e+03  +7.60596e-01  +9.26885e-03  +1.36431e+00  +7.73243e-02
+1.54500e+03  +6.56834e-01  +2.65378e-02  +1.17259e+00  +9.53468e-02
+1.55500e+03  +7.60123e-01  +1.27742e-02  +1.35063e+00  +7.06064e-02
+1.56500e+03  +6.93299e-01  +1.55906e-02  +1.22622e+00  +7.89074e-02
+1.57500e+03  +7.32646e-01  +1.14586e-02  +1.28993e+00  +7.29492e-02
+1.58500e+03  +6.96595e-01  +1.59750e-02  +1.22098e+00  +7.55469e-02
+1.59500e+03  +7.23419e-01  +1.37181e-02  +1.26242e+00  +7.07603e-02
+1.60500e+03  +7.10775e-01  +1.28653e-02  +1.23498e+00  +6.96181e-02
+1.61500e+03  +7.02249e-01  +1.35001e-02  +1.21495e+00  +6.82808e-02
+1.62500e+03  +6.92980e-01  +1.22746e-02  +1.19388e+00  +6.66223e-02
+1.63500e+03  +6.90463e-01  +1.42881e-02  +1.18461e+00  +6.69952e-02
+1.64500e+03  +6.81018e-01  +1.52403e-02  +1.16363e+00  +6.60601e-02
+1.65500e+03  +6.72093e-01  +1.22811e-02  +1.14377e+00  +6.45243e-02
+1.66500e+03  +6.66663e-01  +1.57205e-02  +1.13003e+00  +6.45196e-02
+1.67200e+03  +6.53410e-01  +1.34780e-02  +1.10452e+00  +6.27445e-02
+1.67700e+03  +6.60505e-01  +1.50232e-02  +1.11435e+00  +6.33609e-02
+1.68500e+03  +6.53149e-01  +1.65409e-02  +1.09855e+00  +6.28458e-02
+1.69500e+03  +6.41270e-01  +1.51957e-02  +1.07447e+00  +6.06099e-02
+1.70500e+03  +6.30365e-01  +1.40971e-02  +1.05225e+00  +5.85724e-02
+1.71500e+03  +6.18022e-01  +1.31787e-02  +1.02783e+00  +5.66291e-02
+1.72500e+03  +6.10222e-01  +1.33722e-02  +1.01117e+00  +5.59071e-02
+1.73500e+03  +6.03918e-01  +1.52658e-02  +9.97130e-01  +5.56169e-02
+1.74500e+03  +5.94781e-01  +1.43593e-02  +9.78566e-01  +5.39890e-02
+1.75500e+03  +5.90638e-01  +1.66682e-02  +9.68357e-01  +5.45538e-02
+1.76500e+03  +5.79978e-01  +1.36800e-02  +9.47605e-01  +5.21287e-02
+1.77500e+03  +5.73121e-01  +1.54782e-02  +9.33220e-01  +5.15440e-02
+1.78500e+03  +5.68644e-01  +1.57812e-02  +9.22826e-01  +5.16466e-02
+1.79500e+03  +5.64278e-01  +1.75889e-02  +9.12712e-01  +5.20913e-02
+1.80500e+03  +5.58903e-01  +1.77301e-02  +9.01067e-01  +5.15299e-02
+1.81500e+03  +5.47148e-01  +1.59371e-02  +8.79275e-01  +4.85266e-02
+1.82500e+03  +5.42529e-01  +1.69323e-02  +8.69081e-01  +4.89127e-02
+1.83500e+03  +5.34682e-01  +1.60734e-02  +8.53824e-01  +4.73408e-02
+1.84500e+03  +5.21131e-01  +1.40982e-02  +8.29607e-01  +4.47966e-02
+1.85500e+03  +5.14047e-01  +1.37399e-02  +8.15828e-01  +4.40965e-02
+1.86500e+03  +5.10218e-01  +1.46680e-02  +8.07308e-01  +4.41336e-02
+1.87500e+03  +5.08464e-01  +1.72456e-02  +8.02136e-01  +4.55035e-02
+1.88500e+03  +4.94801e-01  +1.48442e-02  +7.78285e-01  +4.24311e-02
+1.89500e+03  +4.84612e-01  +1.35654e-02  +7.60046e-01  +4.06772e-02
+1.90500e+03  +4.85816e-01  +1.59896e-02  +7.59748e-01  +4.20407e-02
+1.91500e+03  +4.76185e-01  +1.47332e-02  +7.42576e-01  +4.03457e-02
+1.92500e+03  +4.67504e-01  +1.46046e-02  +7.27000e-01  +3.93747e-02
+1.93500e+03  +4.66953e-01  +1.57285e-02  +7.24136e-01  +4.00785e-02
+1.94500e+03  +4.63778e-01  +1.70168e-02  +7.17248e-01  +4.05747e-02
+1.95500e+03  +4.51091e-01  +1.51941e-02  +6.95747e-01  +3.81634e-02
+1.96700e+03  +4.51416e-01  +1.75248e-02  +6.94026e-01  +3.99139e-02
+1.97600e+03  +4.50039e-01  +1.85890e-02  +6.90272e-01  +4.07642e-02
+1.98400e+03  +4.41105e-01  +1.70116e-02  +6.75162e-01  +3.85728e-02
+1.99500e+03  +4.33433e-01  +1.62686e-02  +6.61542e-01  +3.74623e-02
+2.00500e+03  +4.31547e-01  +1.73180e-02  +6.56991e-01  +3.80177e-02
+2.01500e+03  +4.26422e-01  +1.69114e-02  +6.47560e-01  +3.72221e-02
+2.02500e+03  +4.23983e-01  +1.84122e-02  +6.42258e-01  +3.83772e-02
+2.03500e+03  +4.14146e-01  +1.70675e-02  +6.25820e-01  +3.62747e-02
+2.04500e+03  +4.10210e-01  +1.76983e-02  +6.18370e-01  +3.65077e-02
+2.05500e+03  +3.98865e-01  +1.74979e-02  +5.99829e-01  +3.55261e-02
+2.06500e+03  +4.00454e-01  +1.76379e-02  +6.00792e-01  +3.56209e-02
+2.07400e+03  +4.07208e-01  +1.81651e-02  +6.09636e-01  +3.65571e-02
+2.07800e+03  +4.00376e-01  +1.68189e-02  +5.98851e-01  +3.47821e-02
+2.08500e+03  +3.99307e-01  +1.77407e-02  +5.96285e-01  +3.54988e-02
+2.09500e+03  +3.91770e-01  +1.65473e-02  +5.83692e-01  +3.38654e-02
+2.10500e+03  +3.89785e-01  +1.73915e-02  +5.79420e-01  +3.43993e-02
+2.11500e+03  +3.86145e-01  +1.74953e-02  +5.72725e-01  +3.42286e-02
+2.12500e+03  +3.82709e-01  +1.81825e-02  +5.66373e-01  +3.46408e-02
+2.13500e+03  +3.75748e-01  +1.71440e-02  +5.54854e-01  +3.32812e-02
+2.14500e+03  +3.70209e-01  +1.72720e-02  +5.45491e-01  +3.28306e-02
+2.15500e+03  +3.68889e-01  +1.80573e-02  +5.42383e-01  +3.35343e-02
+2.16500e+03  +3.63484e-01  +1.75081e-02  +5.33304e-01  +3.27410e-02
+2.17500e+03  +3.59903e-01  +1.73310e-02  +5.26945e-01  +3.23169e-02
+2.18500e+03  +3.54608e-01  +1.71968e-02  +5.18116e-01  +3.18130e-02
+2.19500e+03  +3.52620e-01  +1.81457e-02  +5.14156e-01  +3.24843e-02
+2.20500e+03  +3.47822e-01  +1.74705e-02  +5.06131e-01  +3.15616e-02
+2.21500e+03  +3.42360e-01  +1.69239e-02  +4.97183e-01  +3.07575e-02
+2.22500e+03  +3.37708e-01  +1.61600e-02  +4.89454e-01  +2.97420e-02
+2.23500e+03  +3.35047e-01  +1.75710e-02  +4.84643e-01  +3.07605e-02
+2.24500e+03  +3.30974e-01  +1.69150e-02  +4.77821e-01  +2.99800e-02
+2.25500e+03  +3.25596e-01  +1.64279e-02  +4.69153e-01  +2.91689e-02
+2.26500e+03  +3.23299e-01  +1.67832e-02  +4.64956e-01  +2.94135e-02
+2.27500e+03  +3.19998e-01  +1.73186e-02  +4.59340e-01  +2.96111e-02
+2.28500e+03  +3.17076e-01  +1.78481e-02  +4.54298e-01  +2.98004e-02
+2.29500e+03  +3.12860e-01  +1.70390e-02  +4.47429e-01  +2.85306e-02
+2.30500e+03  +3.10259e-01  +1.70651e-02  +4.42900e-01  +2.84363e-02
+2.31500e+03  +3.05006e-01  +1.64145e-02  +4.34613e-01  +2.76238e-02
+2.32500e+03  +2.92013e-01  +1.20300e-02  +4.15353e-01  +2.31401e-02
+2.33500e+03  +2.95996e-01  +1.57069e-02  +4.20273e-01  +2.64574e-02
+2.34500e+03  +2.92351e-01  +1.49104e-02  +4.14369e-01  +2.56333e-02
+2.35500e+03  +2.90064e-01  +1.60388e-02  +4.10413e-01  +2.65238e-02
+2.36500e+03  +2.85705e-01  +1.50310e-02  +4.03549e-01  +2.53379e-02
+2.37500e+03  +2.82821e-01  +1.56279e-02  +3.98794e-01  +2.56836e-02
+2.38500e+03  +2.78119e-01  +1.46415e-02  +3.91504e-01  +2.45636e-02
+2.39500e+03  +2.76961e-01  +1.56527e-02  +3.89222e-01  +2.54100e-02
+2.40500e+03  +2.73421e-01  +1.50022e-02  +3.83610e-01  +2.45269e-02
+2.41500e+03  +2.70289e-01  +1.52570e-02  +3.78595e-01  +2.46476e-02
+2.42500e+03  +2.67781e-01  +1.59294e-02  +3.74473e-01  +2.52081e-02
+2.43500e+03  +2.62845e-01  +1.51749e-02  +3.66981e-01  +2.42115e-02
+2.44500e+03  +2.61103e-01  +1.59645e-02  +3.63968e-01  +2.49084e-02
+2.45500e+03  +2.58398e-01  +1.58082e-02  +3.59629e-01  +2.46288e-02
+2.46500e+03  +2.55386e-01  +1.55243e-02  +3.54882e-01  +2.41945e-02
+2.47500e+03  +2.52300e-01  +1.52019e-02  +3.50051e-01  +2.37132e-02
+2.48500e+03  +2.48845e-01  +1.61114e-02  +3.44727e-01  +2.44542e-02
+2.49500e+03  +2.40996e-01  +1.57143e-02  +3.33347e-01  +2.37266e-02
+2.50500e+03  +2.43832e-01  +1.64247e-02  +3.36763e-01  +2.45437e-02
+2.51300e+03  +2.38758e-01  +1.55342e-02  +3.29362e-01  +2.33160e-02
+2.51800e+03  +2.40467e-01  +1.59777e-02  +3.31472e-01  +2.38501e-02
+2.52500e+03  +2.38695e-01  +1.50714e-02  +3.28690e-01  +2.27824e-02
+2.53500e+03  +2.36307e-01  +1.49389e-02  +3.24925e-01  +2.25228e-02
+2.54500e+03  +2.32839e-01  +1.48206e-02  +3.19692e-01  +2.22925e-02
+2.55500e+03  +2.31158e-01  +1.56287e-02  +3.16928e-01  +2.31015e-02
+2.56500e+03  +2.28540e-01  +1.54081e-02  +3.12893e-01  +2.27580e-02
+2.57500e+03  +2.27001e-01  +1.60972e-02  +3.10347e-01  +2.34162e-02
+2.58500e+03  +2.24625e-01  +1.61384e-02  +3.06669e-01  +2.33569e-02
+2.59500e+03  +2.22216e-01  +1.60624e-02  +3.02959e-01  +2.31552e-02
+2.60500e+03  +2.19393e-01  +1.55559e-02  +2.98700e-01  +2.24938e-02
+2.61500e+03  +2.16946e-01  +1.55158e-02  +2.94966e-01  +2.23615e-02
+2.62500e+03  +2.14892e-01  +1.57186e-02  +2.91779e-01  +2.25048e-02
+2.63500e+03  +2.12775e-01  +1.58177e-02  +2.88518e-01  +2.25253e-02
+2.64500e+03  +2.11613e-01  +1.68788e-02  +2.86562e-01  +2.36543e-02
+2.65500e+03  +2.09390e-01  +1.67976e-02  +2.83178e-01  +2.34879e-02
+2.66500e+03  +2.06275e-01  +1.61830e-02  +2.78602e-01  +2.26547e-02
+2.67500e+03  +2.04521e-01  +1.65929e-02  +2.75875e-01  +2.30602e-02
+2.68500e+03  +2.02780e-01  +1.65666e-02  +2.73178e-01  +2.29492e-02
+2.69500e+03  +1.99986e-01  +1.61555e-02  +2.69072e-01  +2.23696e-02
+2.70500e+03  +1.98289e-01  +1.63009e-02  +2.66451e-01  +2.24872e-02
+2.71500e+03  +1.95760e-01  +1.58798e-02  +2.62725e-01  +2.19261e-02
+2.72500e+03  +1.93478e-01  +1.57380e-02  +2.59340e-01  +2.16810e-02
+2.73500e+03  +1.91871e-01  +1.63437e-02  +2.56871e-01  +2.23241e-02
+2.74500e+03  +1.89046e-01  +1.49849e-02  +2.52780e-01  +2.06719e-02
+2.75500e+03  +1.87186e-01  +1.50552e-02  +2.49992e-01  +2.06921e-02
+2.76500e+03  +1.85280e-01  +1.54697e-02  +2.47150e-01  +2.10865e-02
+2.77500e+03  +1.84161e-01  +1.60057e-02  +2.45365e-01  +2.16680e-02
+2.78500e+03  +1.82276e-01  +1.58750e-02  +2.42568e-01  +2.14190e-02
+2.79500e+03  +1.78502e-01  +1.42220e-02  +2.37267e-01  +1.93232e-02
+2.80500e+03  +1.77714e-01  +1.50408e-02  +2.35947e-01  +2.02532e-02
+2.81500e+03  +1.76997e-01  +1.60529e-02  +2.34725e-01  +2.14624e-02
+2.82500e+03  +1.74804e-01  +1.58922e-02  +2.31553e-01  +2.12312e-02
+2.83500e+03  +1.72298e-01  +1.54238e-02  +2.27975e-01  +2.05900e-02
+2.84500e+03  +1.70845e-01  +1.52814e-02  +2.25799e-01  +2.04098e-02
+2.85500e+03  +1.69175e-01  +1.53187e-02  +2.23343e-01  +2.03915e-02
+2.86500e+03  +1.67933e-01  +1.56946e-02  +2.21459e-01  +2.08116e-02
+2.87500e+03  +1.66029e-01  +1.54733e-02  +2.18708e-01  +2.04965e-02
+2.88500e+03  +1.64547e-01  +1.55761e-02  +2.16521e-01  +2.05554e-02
+2.89500e+03  +1.62983e-01  +1.55070e-02  +2.14231e-01  +2.04150e-02
+2.91000e+03  +1.61194e-01  +1.58429e-02  +2.11541e-01  +2.07408e-02
+2.93000e+03  +1.57621e-01  +1.54834e-02  +2.06418e-01  +2.02307e-02
+2.95000e+03  +1.54005e-01  +1.53030e-02  +2.01264e-01  +1.99241e-02
+2.97000e+03  +1.51349e-01  +1.53663e-02  +1.97389e-01  +1.99325e-02
+2.99000e+03  +1.48332e-01  +1.52766e-02  +1.93067e-01  +1.97449e-02
+3.01000e+03  +1.45443e-01  +1.53652e-02  +1.88932e-01  +1.97739e-02
+3.03000e+03  +1.42677e-01  +1.52976e-02  +1.84978e-01  +1.96266e-02
+3.05000e+03  +1.39717e-01  +1.51667e-02  +1.80793e-01  +1.94077e-02
+3.07000e+03  +1.37414e-01  +1.50264e-02  +1.77477e-01  +1.91638e-02
+3.09000e+03  +1.34629e-01  +1.50069e-02  +1.73556e-01  +1.90809e-02
+3.11000e+03  +1.32110e-01  +1.48331e-02  +1.69996e-01  +1.88126e-02
+3.13000e+03  +1.29510e-01  +1.47174e-02  +1.66349e-01  +1.86152e-02
+3.15000e+03  +1.27124e-01  +1.46637e-02  +1.62993e-01  +1.84975e-02
+3.17000e+03  +1.24605e-01  +1.45595e-02  +1.59483e-01  +1.83231e-02
+3.19000e+03  +1.21974e-01  +1.41845e-02  +1.55846e-01  +1.78152e-02
+3.21000e+03  +1.20118e-01  +1.43270e-02  +1.53212e-01  +1.79469e-02
+3.23000e+03  +1.17771e-01  +1.41866e-02  +1.49966e-01  +1.77222e-02
+3.25000e+03  +1.15576e-01  +1.41750e-02  +1.46926e-01  +1.76719e-02
+3.27000e+03  +1.13483e-01  +1.41730e-02  +1.44030e-01  +1.76298e-02
+3.29000e+03  +1.11435e-01  +1.40706e-02  +1.41202e-01  +1.74651e-02
+3.31000e+03  +1.09506e-01  +1.40133e-02  +1.38536e-01  +1.73567e-02
+3.33000e+03  +1.07451e-01  +1.38821e-02  +1.35723e-01  +1.71593e-02
+3.35000e+03  +1.05399e-01  +1.37230e-02  +1.32924e-01  +1.69285e-02
+3.37000e+03  +1.03540e-01  +1.36009e-02  +1.30381e-01  +1.67421e-02
+3.39000e+03  +1.01884e-01  +1.35269e-02  +1.28102e-01  +1.66169e-02
+3.41000e+03  +1.00542e-01  +1.35023e-02  +1.26226e-01  +1.65464e-02
+3.43000e+03  +9.81103e-02  +1.33339e-02  +1.22993e-01  +1.63151e-02
+3.45000e+03  +9.63171e-02  +1.32655e-02  +1.20570e-01  +1.62053e-02
+3.47000e+03  +9.47925e-02  +1.32063e-02  +1.18491e-01  +1.61142e-02
+3.49000e+03  +9.31918e-02  +1.31342e-02  +1.16326e-01  +1.60031e-02
+3.51000e+03  +9.16641e-02  +1.31388e-02  +1.14259e-01  +1.59827e-02
+3.53000e+03  +9.00526e-02  +1.30310e-02  +1.12096e-01  +1.58224e-02
+3.55000e+03  +8.85780e-02  +1.30117e-02  +1.10111e-01  +1.57787e-02
+3.57000e+03  +8.71026e-02  +1.28247e-02  +1.08132e-01  +1.55200e-02
+3.59000e+03  +8.54084e-02  +1.26934e-02  +1.05888e-01  +1.53355e-02
+3.61000e+03  +8.40079e-02  +1.26715e-02  +1.04015e-01  +1.52916e-02
+3.63000e+03  +8.25774e-02  +1.26012e-02  +1.02112e-01  +1.51888e-02
+3.64000e+03  +8.19313e-02  +1.26205e-02  +1.01248e-01  +1.52043e-02
+3.65000e+03  +8.65023e-02  +1.22379e-02  +1.06829e-01  +1.47479e-02
+3.67000e+03  +8.47815e-02  +1.17738e-02  +1.04572e-01  +1.42214e-02
+3.69000e+03  +8.29539e-02  +1.21619e-02  +1.02190e-01  +1.45176e-02
+3.71000e+03  +8.31377e-02  +1.53817e-02  +1.02290e-01  +1.80901e-02
+3.73000e+03  +8.18907e-02  +1.59487e-02  +1.00633e-01  +1.87098e-02
+3.75000e+03  +8.38619e-02  +1.97931e-02  +1.02932e-01  +2.32551e-02
+3.77000e+03  +8.30132e-02  +2.01426e-02  +1.01769e-01  +2.36759e-02
+3.79000e+03  +8.39732e-02  +2.23554e-02  +1.02825e-01  +2.63427e-02
+3.81000e+03  +8.51455e-02  +2.45716e-02  +1.04140e-01  +2.89838e-02
+3.83000e+03  +7.97022e-02  +2.03424e-02  +9.73708e-02  +2.38956e-02
+3.85000e+03  +8.40555e-02  +2.55757e-02  +1.02573e-01  +3.01575e-02
+3.87000e+03  +8.37937e-02  +2.64240e-02  +1.02139e-01  +3.11841e-02
+3.89000e+03  +7.54482e-02  +1.91692e-02  +9.18646e-02  +2.24364e-02
+3.91000e+03  +8.17661e-02  +2.62088e-02  +9.94483e-02  +3.08924e-02
+3.93000e+03  +8.00432e-02  +2.53779e-02  +9.72476e-02  +2.98644e-02
+3.95000e+03  +7.91899e-02  +2.56276e-02  +9.61080e-02  +3.01472e-02
+3.97000e+03  +7.03794e-02  +1.79031e-02  +8.53249e-02  +2.08647e-02
+3.99000e+03  +7.67061e-02  +2.51043e-02  +9.28979e-02  +2.94926e-02
+4.01000e+03  +7.62096e-02  +2.55480e-02  +9.22012e-02  +3.00355e-02
+4.03000e+03  +7.44087e-02  +2.48911e-02  +8.99303e-02  +2.92309e-02
+4.05000e+03  +7.40881e-02  +2.51155e-02  +8.94523e-02  +2.94814e-02
+4.07000e+03  +7.25595e-02  +2.45623e-02  +8.75192e-02  +2.87944e-02
+4.09000e+03  +6.94493e-02  +2.24668e-02  +8.36848e-02  +2.62543e-02
+4.11000e+03  +6.47660e-02  +1.84598e-02  +7.79652e-02  +2.15056e-02
+4.13000e+03  +6.89231e-02  +2.34773e-02  +8.28892e-02  +2.74504e-02
+4.15000e+03  +6.82989e-02  +2.36251e-02  +8.20598e-02  +2.76181e-02
+4.17000e+03  +6.74986e-02  +2.34394e-02  +8.10215e-02  +2.73834e-02
+4.19000e+03  +6.65961e-02  +2.32328e-02  +7.98633e-02  +2.71230e-02
+4.21000e+03  +6.56149e-02  +2.29967e-02  +7.86136e-02  +2.68288e-02
+4.23000e+03  +6.45799e-02  +2.26872e-02  +7.73025e-02  +2.64448e-02
+4.25000e+03  +6.35769e-02  +2.24514e-02  +7.60328e-02  +2.61539e-02
+4.27000e+03  +6.24124e-02  +2.20553e-02  +7.45731e-02  +2.56650e-02
+4.29000e+03  +6.16119e-02  +2.17961e-02  +7.35512e-02  +2.53443e-02
+4.31000e+03  +6.03509e-02  +2.11508e-02  +7.19823e-02  +2.45585e-02
+4.33000e+03  +5.73915e-02  +1.90266e-02  +6.83929e-02  +2.20334e-02
+4.35000e+03  +5.44930e-02  +1.67285e-02  +6.48828e-02  +1.93443e-02
+4.37000e+03  +5.79553e-02  +2.08538e-02  +6.89464e-02  +2.41851e-02
+4.39000e+03  +5.69914e-02  +2.04989e-02  +6.77423e-02  +2.37557e-02
+4.41000e+03  +5.65108e-02  +2.05637e-02  +6.71149e-02  +2.38230e-02
+4.43000e+03  +5.57524e-02  +2.04482e-02  +6.61593e-02  +2.36785e-02
+4.45000e+03  +5.50624e-02  +2.02945e-02  +6.52869e-02  +2.34882e-02
+4.47000e+03  +5.36171e-02  +1.97376e-02  +6.35216e-02  +2.28232e-02
+4.49000e+03  +5.34085e-02  +1.98170e-02  +6.32236e-02  +2.29120e-02
+4.51000e+03  +5.28951e-02  +1.98870e-02  +6.25660e-02  +2.29908e-02
+4.53000e+03  +5.19972e-02  +1.94905e-02  +6.14555e-02  +2.25059e-02
+4.55000e+03  +5.11986e-02  +1.92500e-02  +6.04644e-02  +2.22170e-02
+4.57000e+03  +5.06814e-02  +1.92697e-02  +5.98073e-02  +2.22340e-02
+4.59000e+03  +4.98782e-02  +1.89563e-02  +5.88144e-02  +2.18541e-02
+4.61000e+03  +4.93801e-02  +1.88977e-02  +5.81829e-02  +2.17765e-02
+4.63000e+03  +4.90482e-02  +1.86037e-02  +5.77484e-02  +2.14179e-02
+4.65000e+03  +4.83931e-02  +1.84974e-02  +5.69347e-02  +2.12844e-02
+4.67000e+03  +4.78364e-02  +1.83293e-02  +5.62383e-02  +2.10832e-02
+4.69000e+03  +4.69716e-02  +1.81151e-02  +5.51812e-02  +2.08255e-02
+4.71000e+03  +4.58764e-02  +1.77198e-02  +5.38556e-02  +2.03548e-02
+4.73000e+03  +4.53818e-02  +1.77596e-02  +5.32368e-02  +2.03958e-02
+4.75000e+03  +4.47336e-02  +1.76273e-02  +5.24392e-02  +2.02355e-02
+4.77000e+03  +4.42158e-02  +1.74742e-02  +5.17957e-02  +2.00495e-02
+4.79000e+03  +4.35958e-02  +1.72703e-02  +5.10339e-02  +1.98034e-02
+4.81000e+03  +4.29434e-02  +1.70539e-02  +5.02354e-02  +1.95429e-02
+4.83000e+03  +4.22591e-02  +1.67663e-02  +4.94011e-02  +1.92008e-02
+4.85000e+03  +4.03312e-02  +1.51555e-02  +4.71154e-02  +1.73169e-02
+4.87000e+03  +3.78640e-02  +1.29191e-02  +4.42034e-02  +1.47431e-02
+4.89000e+03  +4.05099e-02  +1.61602e-02  +4.72608e-02  +1.84735e-02
+4.91000e+03  +4.01621e-02  +1.62026e-02  +4.68242e-02  +1.85184e-02
+4.93000e+03  +3.93546e-02  +1.58613e-02  +4.58528e-02  +1.81158e-02
+4.95000e+03  +3.91932e-02  +1.59952e-02  +4.56350e-02  +1.82683e-02
+4.97000e+03  +3.87058e-02  +1.58565e-02  +4.50386e-02  +1.81003e-02
+4.99000e+03  +3.81044e-02  +1.55669e-02  +4.43106e-02  +1.77543e-02
+5.01000e+03  +3.73101e-02  +1.51974e-02  +4.33594e-02  +1.73185e-02
+5.03000e+03  +3.71216e-02  +1.52861e-02  +4.31134e-02  +1.74177e-02
+5.05000e+03  +3.64949e-02  +1.50326e-02  +4.23593e-02  +1.71190e-02
+5.07000e+03  +3.62360e-02  +1.50699e-02  +4.20329e-02  +1.71585e-02
+5.09000e+03  +3.57008e-02  +1.48360e-02  +4.13868e-02  +1.68790e-02
+5.11000e+03  +3.52659e-02  +1.47184e-02  +4.08579e-02  +1.67389e-02
+5.13000e+03  +3.47555e-02  +1.45179e-02  +4.02425e-02  +1.64997e-02
+5.15000e+03  +3.42685e-02  +1.43245e-02  +3.96550e-02  +1.62702e-02
+5.17000e+03  +3.38047e-02  +1.41132e-02  +3.90952e-02  +1.60208e-02
+5.19000e+03  +3.34344e-02  +1.40479e-02  +3.86444e-02  +1.59424e-02
+5.21000e+03  +3.30280e-02  +1.39513e-02  +3.81525e-02  +1.58269e-02
+5.23000e+03  +3.27143e-02  +1.38974e-02  +3.77685e-02  +1.57647e-02
+5.25000e+03  +3.23726e-02  +1.38533e-02  +3.73527e-02  +1.57105e-02
+5.27000e+03  +3.18219e-02  +1.35286e-02  +3.66965e-02  +1.53273e-02
+5.29000e+03  +3.16199e-02  +1.36375e-02  +3.64431e-02  +1.54541e-02
+5.31000e+03  +3.12718e-02  +1.35706e-02  +3.60218e-02  +1.53761e-02
+5.33000e+03  +3.07612e-02  +1.32961e-02  +3.54142e-02  +1.50502e-02
+5.35000e+03  +3.05025e-02  +1.33349e-02  +3.50972e-02  +1.50951e-02
+5.37000e+03  +3.01500e-02  +1.32089e-02  +3.46727e-02  +1.49463e-02
+5.39000e+03  +2.97498e-02  +1.30421e-02  +3.41941e-02  +1.47486e-02
+5.41000e+03  +2.93663e-02  +1.29038e-02  +3.37352e-02  +1.45858e-02
+5.43000e+03  +2.90415e-02  +1.27940e-02  +3.33445e-02  +1.44563e-02
+5.45000e+03  +2.87621e-02  +1.27831e-02  +3.30064e-02  +1.44421e-02
+5.47000e+03  +2.83884e-02  +1.26327e-02  +3.25606e-02  +1.42642e-02
+5.49000e+03  +2.80521e-02  +1.25296e-02  +3.21581e-02  +1.41423e-02
+5.51000e+03  +2.77098e-02  +1.24141e-02  +3.17495e-02  +1.40063e-02
+5.53000e+03  +2.74257e-02  +1.23590e-02  +3.14080e-02  +1.39415e-02
+5.55000e+03  +2.71356e-02  +1.22967e-02  +3.10601e-02  +1.38673e-02
+5.57000e+03  +2.68100e-02  +1.21509e-02  +3.06720e-02  +1.36962e-02
+5.59000e+03  +2.64806e-02  +1.20186e-02  +3.02801e-02  +1.35402e-02
+5.61000e+03  +2.62326e-02  +1.19836e-02  +2.99817e-02  +1.34990e-02
+5.63000e+03  +2.59087e-02  +1.18845e-02  +2.95970e-02  +1.33818e-02
+5.65000e+03  +2.55894e-02  +1.17868e-02  +2.92182e-02  +1.32674e-02
+5.67000e+03  +2.52637e-02  +1.16461e-02  +2.88324e-02  +1.31023e-02
+5.69000e+03  +2.50511e-02  +1.16166e-02  +2.85761e-02  +1.30672e-02
+5.71000e+03  +2.46719e-02  +1.14499e-02  +2.81301e-02  +1.28719e-02
+5.73000e+03  +2.45087e-02  +1.15069e-02  +2.79309e-02  +1.29378e-02
+5.75000e+03  +2.41902e-02  +1.13568e-02  +2.75550e-02  +1.27617e-02
+5.77000e+03  +2.40688e-02  +1.12946e-02  +2.74040e-02  +1.26880e-02
+5.79000e+03  +2.40640e-02  +1.11314e-02  +2.73859e-02  +1.24945e-02
+5.81000e+03  +2.40335e-02  +1.11154e-02  +2.73388e-02  +1.24749e-02
+5.83000e+03  +2.36886e-02  +1.10814e-02  +2.69342e-02  +1.24358e-02
+5.85000e+03  +2.32008e-02  +1.09400e-02  +2.63677e-02  +1.22719e-02
+5.87000e+03  +2.26101e-02  +1.07371e-02  +2.56849e-02  +1.20413e-02
+5.89000e+03  +2.23408e-02  +1.05858e-02  +2.53677e-02  +1.18599e-02
+5.91000e+03  +2.22481e-02  +1.06818e-02  +2.52513e-02  +1.19715e-02
+5.93000e+03  +2.20045e-02  +1.06136e-02  +2.49639e-02  +1.18917e-02
+5.95000e+03  +2.17437e-02  +1.05243e-02  +2.46573e-02  +1.17874e-02
+5.97000e+03  +2.15641e-02  +1.04915e-02  +2.44431e-02  +1.17489e-02
+5.99000e+03  +2.12877e-02  +1.03678e-02  +2.41195e-02  +1.16048e-02
+6.01000e+03  +2.10520e-02  +1.02683e-02  +2.38424e-02  +1.14888e-02
+6.03000e+03  +2.08671e-02  +1.02399e-02  +2.36230e-02  +1.14555e-02
+6.05000e+03  +2.06691e-02  +1.01997e-02  +2.33890e-02  +1.14081e-02
+6.07000e+03  +2.04479e-02  +1.01097e-02  +2.31291e-02  +1.13034e-02
+6.09000e+03  +2.01813e-02  +9.97474e-03  +2.28181e-02  +1.11465e-02
+6.11000e+03  +1.99818e-02  +9.90943e-03  +2.25833e-02  +1.10706e-02
+6.13000e+03  +1.96959e-02  +9.73837e-03  +2.22512e-02  +1.08724e-02
+6.15000e+03  +1.95169e-02  +9.71499e-03  +2.20400e-02  +1.08452e-02
+6.17000e+03  +1.92881e-02  +9.60399e-03  +2.17728e-02  +1.07162e-02
+6.19000e+03  +1.91722e-02  +9.63108e-03  +2.16335e-02  +1.07468e-02
+6.21000e+03  +1.89616e-02  +9.55085e-03  +2.13873e-02  +1.06534e-02
+6.23000e+03  +1.87202e-02  +9.42398e-03  +2.11068e-02  +1.05068e-02
+6.25000e+03  +1.84566e-02  +9.26694e-03  +2.08015e-02  +1.03260e-02
+6.27000e+03  +1.83537e-02  +9.31757e-03  +2.06775e-02  +1.03826e-02
+6.29000e+03  +1.82025e-02  +9.28153e-03  +2.04993e-02  +1.03409e-02
+6.31000e+03  +1.79774e-02  +9.16392e-03  +2.02380e-02  +1.02053e-02
+6.33000e+03  +1.78312e-02  +9.14087e-03  +2.00658e-02  +1.01780e-02
+6.35000e+03  +1.76268e-02  +9.06388e-03  +1.98283e-02  +1.00899e-02
+6.37000e+03  +1.74552e-02  +9.00437e-03  +1.96279e-02  +1.00205e-02
+6.39000e+03  +1.73210e-02  +8.97786e-03  +1.94698e-02  +9.98892e-03
+6.41000e+03  +1.71216e-02  +8.87551e-03  +1.92385e-02  +9.87129e-03
+6.43000e+03  +1.69685e-02  +8.83454e-03  +1.90595e-02  +9.82342e-03
+6.45000e+03  +1.67984e-02  +8.77603e-03  +1.88616e-02  +9.75590e-03
+6.47000e+03  +1.66380e-02  +8.71667e-03  +1.86747e-02  +9.68713e-03
+6.49000e+03  +1.64270e-02  +8.59065e-03  +1.84313e-02  +9.54264e-03
+6.51000e+03  +1.63103e-02  +8.59471e-03  +1.82938e-02  +9.54665e-03
+6.53000e+03  +1.61231e-02  +8.50591e-03  +1.80774e-02  +9.44537e-03
+6.55000e+03  +1.56565e-02  +8.04808e-03  +1.75480e-02  +8.93265e-03
+6.57000e+03  +1.46526e-02  +6.99964e-03  +1.64171e-02  +7.77102e-03
+6.59000e+03  +1.55980e-02  +8.24741e-03  +1.74703e-02  +9.15028e-03
+6.61000e+03  +1.55444e-02  +8.31454e-03  +1.74043e-02  +9.22351e-03
+6.63000e+03  +1.54099e-02  +8.29033e-03  +1.72477e-02  +9.19458e-03
+6.65000e+03  +1.52693e-02  +8.24236e-03  +1.70845e-02  +9.13914e-03
+6.67000e+03  +1.50588e-02  +8.13390e-03  +1.68433e-02  +9.01547e-03
+6.69000e+03  +1.49591e-02  +8.13940e-03  +1.67262e-02  +9.02086e-03
+6.71000e+03  +1.48124e-02  +8.04237e-03  +1.65565e-02  +8.90888e-03
+6.73000e+03  +1.47259e-02  +8.05613e-03  +1.64544e-02  +8.92400e-03
+6.75000e+03  +1.45601e-02  +7.96674e-03  +1.62637e-02  +8.82162e-03
+6.77000e+03  +1.44382e-02  +7.93412e-03  +1.61224e-02  +8.78386e-03
+6.79000e+03  +1.42820e-02  +7.87135e-03  +1.59427e-02  +8.71173e-03
+6.81000e+03  +1.41566e-02  +7.82539e-03  +1.57976e-02  +8.65900e-03
+6.83000e+03  +1.40403e-02  +7.79838e-03  +1.56627e-02  +8.62769e-03
+6.85000e+03  +1.38732e-02  +7.70105e-03  +1.54714e-02  +8.51653e-03
+6.87000e+03  +1.37703e-02  +7.67900e-03  +1.53517e-02  +8.49086e-03
+6.89000e+03  +1.36693e-02  +7.66659e-03  +1.52344e-02  +8.47616e-03
+6.91000e+03  +1.35363e-02  +7.60242e-03  +1.50814e-02  +8.40277e-03
+6.93000e+03  +1.33927e-02  +7.53735e-03  +1.49168e-02  +8.32823e-03
+6.95000e+03  +1.32545e-02  +7.46781e-03  +1.47582e-02  +8.24883e-03
+6.97000e+03  +1.31553e-02  +7.44770e-03  +1.46432e-02  +8.22543e-03
+6.99000e+03  +1.30201e-02  +7.37924e-03  +1.44884e-02  +8.14718e-03
+7.01000e+03  +1.28841e-02  +7.29783e-03  +1.43327e-02  +8.05450e-03
+7.03000e+03  +1.28068e-02  +7.29339e-03  +1.42423e-02  +8.04878e-03
+7.05000e+03  +1.27159e-02  +7.27331e-03  +1.41370e-02  +8.02561e-03
+7.07000e+03  +1.25185e-02  +7.16292e-03  +1.39133e-02  +7.90092e-03
+7.09000e+03  +1.24519e-02  +7.13205e-03  +1.38353e-02  +7.86460e-03
+7.11000e+03  +1.22981e-02  +7.05391e-03  +1.36603e-02  +7.77557e-03
+7.13000e+03  +1.21673e-02  +6.98756e-03  +1.35111e-02  +7.70000e-03
+7.15000e+03  +1.20652e-02  +6.95544e-03  +1.33938e-02  +7.66314e-03
+7.17000e+03  +1.19799e-02  +6.94603e-03  +1.32952e-02  +7.65187e-03
+7.19000e+03  +1.18397e-02  +6.84583e-03  +1.31359e-02  +7.53849e-03
+7.21000e+03  +1.17700e-02  +6.85091e-03  +1.30548e-02  +7.54359e-03
+7.23000e+03  +1.16761e-02  +6.84481e-03  +1.29470e-02  +7.53623e-03
+7.25000e+03  +1.15891e-02  +6.81206e-03  +1.28468e-02  +7.49856e-03
+7.27000e+03  +1.14921e-02  +6.77302e-03  +1.27357e-02  +7.45400e-03
+7.29000e+03  +1.13383e-02  +6.68153e-03  +1.25618e-02  +7.35088e-03
+7.31000e+03  +1.12863e-02  +6.68039e-03  +1.25007e-02  +7.34871e-03
+7.33000e+03  +1.11955e-02  +6.64992e-03  +1.23966e-02  +7.31378e-03
+7.35000e+03  +1.10980e-02  +6.61037e-03  +1.22853e-02  +7.26862e-03
+7.37000e+03  +1.10436e-02  +6.61638e-03  +1.22217e-02  +7.27488e-03
+7.39000e+03  +1.09222e-02  +6.53961e-03  +1.20841e-02  +7.18809e-03
+7.41000e+03  +1.08133e-02  +6.46867e-03  +1.19603e-02  +7.10814e-03
+7.43000e+03  +1.07462e-02  +6.47417e-03  +1.18830e-02  +7.11350e-03
+7.45000e+03  +1.06632e-02  +6.45047e-03  +1.17881e-02  +7.08623e-03
+7.47000e+03  +1.05726e-02  +6.41556e-03  +1.16848e-02  +7.04646e-03
+7.49000e+03  +1.04782e-02  +6.36941e-03  +1.15774e-02  +6.99408e-03
+7.51000e+03  +1.04139e-02  +6.35848e-03  +1.15033e-02  +6.98139e-03
+7.53000e+03  +1.03427e-02  +6.34154e-03  +1.14217e-02  +6.96176e-03
+7.55000e+03  +1.02699e-02  +6.32319e-03  +1.13384e-02  +6.94054e-03
+7.57000e+03  +1.01787e-02  +6.27370e-03  +1.12347e-02  +6.88455e-03
+7.59000e+03  +1.00846e-02  +6.22738e-03  +1.11280e-02  +6.83206e-03
+7.61000e+03  +1.00110e-02  +6.20035e-03  +1.10440e-02  +6.80121e-03
+7.63000e+03  +9.93154e-03  +6.17361e-03  +1.09536e-02  +6.77065e-03
+7.65000e+03  +9.85193e-03  +6.14646e-03  +1.08630e-02  +6.73965e-03
+7.67000e+03  +9.73395e-03  +6.05046e-03  +1.07302e-02  +6.63178e-03
+7.69000e+03  +9.71212e-03  +6.08122e-03  +1.07035e-02  +6.66538e-03
+7.71000e+03  +9.61136e-03  +5.99803e-03  +1.05898e-02  +6.57202e-03
+7.73000e+03  +9.54432e-03  +5.98463e-03  +1.05133e-02  +6.55627e-03
+7.75000e+03  +9.45250e-03  +5.94085e-03  +1.04096e-02  +6.50690e-03
+7.77000e+03  +9.37092e-03  +5.92273e-03  +1.03173e-02  +6.48671e-03
+7.79000e+03  +9.31857e-03  +5.91895e-03  +1.02572e-02  +6.48137e-03
+7.81000e+03  +9.24244e-03  +5.89534e-03  +1.01709e-02  +6.45433e-03
+7.83000e+03  +9.15685e-03  +5.84340e-03  +1.00743e-02  +6.39590e-03
+7.85000e+03  +9.06875e-03  +5.79622e-03  +9.97498e-03  +6.34266e-03
+7.87000e+03  +9.00756e-03  +5.78300e-03  +9.90531e-03  +6.32746e-03
+7.89000e+03  +8.89243e-03  +5.69920e-03  +9.77640e-03  +6.23347e-03
+7.91000e+03  +8.79941e-03  +5.63175e-03  +9.67186e-03  +6.15771e-03
+7.93000e+03  +8.73981e-03  +5.61007e-03  +9.60411e-03  +6.13315e-03
+7.95000e+03  +8.64432e-03  +5.55058e-03  +9.49696e-03  +6.06630e-03
+7.97000e+03  +8.63603e-03  +5.59897e-03  +9.48566e-03  +6.11961e-03
+7.99000e+03  +8.55960e-03  +5.55903e-03  +9.39954e-03  +6.07467e-03
+8.01000e+03  +8.52647e-03  +5.56119e-03  +9.36102e-03  +6.07673e-03
+8.03000e+03  +8.46421e-03  +5.53886e-03  +9.29055e-03  +6.05128e-03
+8.05000e+03  +8.39199e-03  +5.49648e-03  +9.20919e-03  +6.00372e-03
+8.07000e+03  +8.32371e-03  +5.46621e-03  +9.13221e-03  +5.96939e-03
+8.09000e+03  +8.23649e-03  +5.40677e-03  +9.03449e-03  +5.90292e-03
+8.11000e+03  +8.17798e-03  +5.38973e-03  +8.96831e-03  +5.88335e-03
+8.13000e+03  +8.13805e-03  +5.38589e-03  +8.92253e-03  +5.87856e-03
+8.15000e+03  +8.07431e-03  +5.35960e-03  +8.85070e-03  +5.84887e-03
+8.17000e+03  +8.02211e-03  +5.33757e-03  +8.79155e-03  +5.82389e-03
+8.19000e+03  +7.93625e-03  +5.27273e-03  +8.69555e-03  +5.75160e-03
+8.21000e+03  +7.92861e-03  +5.24398e-03  +8.68530e-03  +5.71904e-03
+8.23000e+03  +7.89198e-03  +5.24106e-03  +8.64331e-03  +5.71531e-03
+8.25000e+03  +7.84440e-03  +5.22785e-03  +8.58935e-03  +5.70006e-03
+8.27000e+03  +7.79624e-03  +5.22065e-03  +8.53479e-03  +5.69192e-03
+8.29000e+03  +7.72835e-03  +5.16772e-03  +8.45867e-03  +5.63340e-03
+8.31000e+03  +7.62637e-03  +5.07259e-03  +8.34528e-03  +5.52837e-03
+8.33000e+03  +7.55540e-03  +5.02016e-03  +8.26589e-03  +5.47057e-03
+8.35000e+03  +7.50181e-03  +5.02143e-03  +8.20553e-03  +5.47077e-03
+8.37000e+03  +7.43766e-03  +4.97214e-03  +8.13367e-03  +5.41694e-03
+8.39000e+03  +7.35342e-03  +4.91228e-03  +8.03987e-03  +5.34900e-03
+8.41000e+03  +7.35070e-03  +4.97128e-03  +8.03524e-03  +5.41316e-03
+8.43000e+03  +7.29054e-03  +4.96356e-03  +7.96784e-03  +5.40141e-03
+8.45000e+03  +7.26103e-03  +4.98752e-03  +7.93397e-03  +5.42695e-03
+8.47000e+03  +7.15037e-03  +4.84190e-03  +7.81147e-03  +5.26946e-03
+8.49000e+03  +7.22252e-03  +5.04939e-03  +7.88870e-03  +5.49003e-03
+8.51000e+03  +6.97455e-03  +4.68792e-03  +7.61632e-03  +5.09836e-03
+8.53000e+03  +7.14911e-03  +5.05104e-03  +7.80538e-03  +5.48933e-03
+8.55000e+03  +6.68313e-03  +4.35670e-03  +7.29517e-03  +4.73392e-03
+8.57000e+03  +7.13735e-03  +5.11650e-03  +7.78944e-03  +5.55938e-03
+8.59000e+03  +6.90485e-03  +4.86089e-03  +7.53422e-03  +5.28234e-03
+8.61000e+03  +6.83316e-03  +4.78134e-03  +7.45453e-03  +5.19592e-03
+8.63000e+03  +7.02468e-03  +5.08395e-03  +7.66197e-03  +5.52149e-03
+8.65000e+03  +6.88668e-03  +4.96277e-03  +7.50998e-03  +5.38906e-03
+8.67000e+03  +6.36831e-03  +4.23865e-03  +6.94335e-03  +4.60166e-03
+8.69000e+03  +6.81788e-03  +4.92732e-03  +7.43208e-03  +5.34799e-03
+8.71000e+03  +6.86291e-03  +5.01722e-03  +7.47975e-03  +5.44572e-03
+8.73000e+03  +6.75220e-03  +4.93967e-03  +7.35768e-03  +5.36079e-03
+8.75000e+03  +6.35494e-03  +4.45592e-03  +6.92348e-03  +4.83834e-03
+8.77000e+03  +6.61504e-03  +4.84035e-03  +7.20549e-03  +5.25164e-03
+8.79000e+03  +6.68621e-03  +4.93580e-03  +7.28165e-03  +5.35428e-03
+8.81000e+03  +6.62672e-03  +4.88794e-03  +7.21551e-03  +5.30112e-03
+8.83000e+03  +6.57444e-03  +4.85842e-03  +7.15725e-03  +5.26849e-03
+8.85000e+03  +6.39319e-03  +4.70087e-03  +6.95864e-03  +5.09744e-03
+8.87000e+03  +6.09433e-03  +4.34247e-03  +6.63213e-03  +4.71046e-03
+8.89000e+03  +6.42716e-03  +4.78545e-03  +6.99305e-03  +5.18738e-03
+8.91000e+03  +6.44318e-03  +4.82752e-03  +7.00920e-03  +5.23260e-03
+8.93000e+03  +6.38275e-03  +4.78200e-03  +6.94219e-03  +5.18202e-03
+8.95000e+03  +6.34133e-03  +4.75632e-03  +6.89590e-03  +5.15330e-03
+8.97000e+03  +6.29821e-03  +4.73774e-03  +6.84778e-03  +5.13257e-03
+8.99000e+03  +6.20568e-03  +4.67385e-03  +6.74596e-03  +5.06262e-03
+9.01000e+03  +5.81264e-03  +4.21995e-03  +6.31758e-03  +4.57191e-03
+9.03000e+03  +5.96735e-03  +4.44504e-03  +6.48457e-03  +4.81391e-03
+9.05000e+03  +6.12564e-03  +4.65290e-03  +6.65541e-03  +5.03811e-03
+9.07000e+03  +6.08586e-03  +4.63124e-03  +6.61103e-03  +5.01392e-03
+9.09000e+03  +6.02000e-03  +4.55749e-03  +6.53834e-03  +4.93268e-03
+9.11000e+03  +6.01021e-03  +4.58078e-03  +6.52658e-03  +4.95748e-03
+9.13000e+03  +5.98947e-03  +4.58388e-03  +6.50292e-03  +4.96045e-03
+9.15000e+03  +5.94514e-03  +4.55936e-03  +6.45368e-03  +4.93310e-03
+9.17000e+03  +5.89718e-03  +4.53123e-03  +6.40051e-03  +4.90196e-03
+9.19000e+03  +5.85774e-03  +4.51194e-03  +6.35662e-03  +4.88062e-03
+9.21000e+03  +5.71144e-03  +4.37888e-03  +6.19681e-03  +4.73555e-03
+9.23000e+03  +5.37163e-03  +3.99636e-03  +5.82713e-03  +4.32418e-03
+9.25000e+03  +5.62121e-03  +4.30911e-03  +6.09684e-03  +4.65884e-03
+9.27000e+03  +5.66822e-03  +4.38031e-03  +6.14680e-03  +4.73526e-03
+9.29000e+03  +5.66300e-03  +4.39454e-03  +6.14012e-03  +4.74992e-03
+9.31000e+03  +5.64257e-03  +4.39660e-03  +6.11695e-03  +4.75182e-03
+9.33000e+03  +5.61007e-03  +4.37460e-03  +6.08071e-03  +4.72731e-03
+9.35000e+03  +5.56958e-03  +4.34899e-03  +6.03583e-03  +4.69895e-03
+9.37000e+03  +5.51533e-03  +4.29853e-03  +5.97605e-03  +4.64338e-03
+9.39000e+03  +5.49951e-03  +4.31006e-03  +5.95794e-03  +4.65562e-03
+9.41000e+03  +5.43039e-03  +4.24204e-03  +5.88210e-03  +4.58114e-03
+9.43000e+03  +5.42819e-03  +4.27397e-03  +5.87876e-03  +4.61543e-03
+9.45000e+03  +5.37042e-03  +4.22536e-03  +5.81526e-03  +4.56191e-03
+9.47000e+03  +5.34715e-03  +4.22927e-03  +5.78913e-03  +4.56591e-03
+9.49000e+03  +5.31618e-03  +4.20982e-03  +5.75469e-03  +4.54429e-03
+9.51000e+03  +5.24978e-03  +4.16335e-03  +5.68190e-03  +4.49344e-03
+9.53000e+03  +5.13392e-03  +4.05957e-03  +5.55563e-03  +4.38091e-03
+9.55000e+03  +4.82958e-03  +3.71368e-03  +5.22547e-03  +4.00898e-03
+9.57000e+03  +5.08702e-03  +4.02855e-03  +5.50314e-03  +4.34588e-03
+9.59000e+03  +5.13513e-03  +4.10047e-03  +5.55433e-03  +4.42329e-03
+9.61000e+03  +5.09500e-03  +4.07037e-03  +5.51006e-03  +4.39000e-03
+9.63000e+03  +5.06446e-03  +4.05529e-03  +5.47619e-03  +4.37329e-03
+9.65000e+03  +5.02660e-03  +4.01622e-03  +5.43441e-03  +4.33020e-03
+9.67000e+03  +4.99683e-03  +3.99812e-03  +5.40139e-03  +4.31016e-03
+9.69000e+03  +4.98496e-03  +4.00882e-03  +5.38774e-03  +4.32141e-03
+9.71000e+03  +4.94577e-03  +3.98186e-03  +5.34457e-03  +4.29172e-03
+9.73000e+03  +4.91024e-03  +3.95559e-03  +5.30537e-03  +4.26269e-03
+9.75000e+03  +4.87780e-03  +3.93461e-03  +5.26952e-03  +4.23954e-03
+9.77000e+03  +4.85178e-03  +3.92613e-03  +5.24063e-03  +4.22996e-03
+9.79000e+03  +4.80187e-03  +3.88292e-03  +5.18594e-03  +4.18255e-03
+9.81000e+03  +4.80369e-03  +3.91016e-03  +5.18713e-03  +4.21195e-03
+9.83000e+03  +4.76587e-03  +3.88517e-03  +5.14553e-03  +4.18436e-03
+9.85000e+03  +4.74440e-03  +3.87749e-03  +5.12160e-03  +4.17572e-03
+9.87000e+03  +4.70856e-03  +3.84957e-03  +5.08216e-03  +4.14502e-03
+9.89000e+03  +4.67849e-03  +3.83098e-03  +5.04896e-03  +4.12452e-03
+9.91000e+03  +4.64862e-03  +3.81573e-03  +5.01599e-03  +4.10756e-03
+9.93000e+03  +4.62342e-03  +3.80245e-03  +4.98808e-03  +4.09279e-03
+9.95000e+03  +4.59504e-03  +3.78658e-03  +4.95674e-03  +4.07521e-03
+9.97000e+03  +4.56823e-03  +3.77170e-03  +4.92712e-03  +4.05874e-03
+9.99000e+03  +4.53454e-03  +3.74746e-03  +4.89007e-03  +4.03210e-03
+1.00250e+04  +4.39725e-03  +3.62348e-03  +4.74084e-03  +3.89790e-03
+1.00750e+04  +4.29611e-03  +3.52616e-03  +4.63017e-03  +3.79225e-03
+1.01250e+04  +4.35455e-03  +3.61710e-03  +4.69150e-03  +3.88849e-03
+1.01750e+04  +4.28492e-03  +3.57305e-03  +4.61489e-03  +3.83986e-03
+1.02250e+04  +4.22095e-03  +3.54525e-03  +4.54444e-03  +3.80897e-03
+1.02750e+04  +4.16311e-03  +3.51803e-03  +4.48064e-03  +3.77870e-03
+1.03250e+04  +4.08025e-03  +3.45349e-03  +4.39000e-03  +3.70808e-03
+1.03750e+04  +4.02206e-03  +3.41742e-03  +4.32595e-03  +3.66826e-03
+1.04250e+04  +3.97316e-03  +3.39552e-03  +4.27196e-03  +3.64384e-03
+1.04750e+04  +3.90930e-03  +3.34949e-03  +4.20192e-03  +3.59336e-03
+1.05250e+04  +3.86071e-03  +3.32512e-03  +4.14836e-03  +3.56629e-03
+1.05750e+04  +3.79753e-03  +3.27891e-03  +4.07917e-03  +3.51565e-03
+1.06250e+04  +3.74310e-03  +3.24455e-03  +4.01943e-03  +3.47788e-03
+1.06750e+04  +3.67081e-03  +3.18490e-03  +3.94058e-03  +3.41282e-03
+1.07250e+04  +3.62845e-03  +3.16608e-03  +3.89390e-03  +3.39181e-03
+1.07750e+04  +3.57522e-03  +3.12562e-03  +3.83560e-03  +3.34749e-03
+1.08250e+04  +3.51285e-03  +3.07423e-03  +3.76754e-03  +3.29154e-03
+1.08750e+04  +3.46951e-03  +3.05001e-03  +3.71994e-03  +3.26474e-03
+1.09250e+04  +3.31677e-03  +2.91390e-03  +3.55512e-03  +3.11894e-03
+1.09750e+04  +3.34449e-03  +2.96161e-03  +3.58377e-03  +3.16852e-03
+1.10250e+04  +3.33571e-03  +2.97863e-03  +3.57332e-03  +3.18599e-03
+1.10750e+04  +3.29776e-03  +2.95627e-03  +3.53165e-03  +3.16129e-03
+1.11250e+04  +3.25023e-03  +2.92261e-03  +3.47975e-03  +3.12448e-03
+1.11750e+04  +3.20097e-03  +2.88506e-03  +3.42604e-03  +3.08348e-03
+1.12250e+04  +3.16360e-03  +2.86536e-03  +3.38509e-03  +3.06173e-03
+1.12750e+04  +3.10885e-03  +2.81885e-03  +3.32558e-03  +3.01117e-03
+1.13250e+04  +3.06792e-03  +2.79312e-03  +3.28089e-03  +2.98296e-03
+1.13750e+04  +3.02611e-03  +2.76332e-03  +3.23530e-03  +2.95038e-03
+1.14250e+04  +2.98166e-03  +2.72696e-03  +3.18691e-03  +2.91081e-03
+1.14750e+04  +2.95699e-03  +2.72314e-03  +3.15969e-03  +2.90619e-03
+1.15250e+04  +2.92138e-03  +2.69975e-03  +3.12081e-03  +2.88058e-03
+1.15750e+04  +2.87776e-03  +2.66177e-03  +3.07340e-03  +2.83929e-03
+1.16250e+04  +2.83252e-03  +2.61877e-03  +3.02429e-03  +2.79270e-03
+1.16750e+04  +2.79995e-03  +2.60250e-03  +2.98874e-03  +2.77475e-03
+1.17250e+04  +2.77449e-03  +2.59646e-03  +2.96081e-03  +2.76779e-03
+1.17750e+04  +2.72367e-03  +2.55087e-03  +2.90583e-03  +2.71845e-03
+1.18250e+04  +2.69168e-03  +2.52786e-03  +2.87098e-03  +2.69331e-03
+1.18750e+04  +2.65164e-03  +2.48727e-03  +2.82757e-03  +2.64935e-03
+1.19250e+04  +2.63983e-03  +2.49727e-03  +2.81427e-03  +2.65962e-03
+1.19750e+04  +2.57268e-03  +2.43069e-03  +2.74202e-03  +2.58787e-03
+1.20250e+04  +2.56393e-03  +2.44196e-03  +2.73203e-03  +2.59953e-03
+1.20750e+04  +2.52521e-03  +2.41008e-03  +2.69011e-03  +2.56498e-03
+1.21250e+04  +2.49743e-03  +2.39512e-03  +2.65988e-03  +2.54854e-03
+1.21750e+04  +2.47315e-03  +2.38236e-03  +2.63340e-03  +2.53448e-03
+1.22250e+04  +2.44061e-03  +2.35730e-03  +2.59814e-03  +2.50726e-03
+1.22750e+04  +2.40965e-03  +2.33281e-03  +2.56458e-03  +2.48069e-03
+1.23250e+04  +2.37979e-03  +2.31179e-03  +2.53222e-03  +2.45780e-03
+1.23750e+04  +2.35270e-03  +2.29267e-03  +2.50283e-03  +2.43699e-03
+1.24250e+04  +2.32378e-03  +2.27061e-03  +2.47150e-03  +2.41303e-03
+1.24750e+04  +2.29874e-03  +2.25374e-03  +2.44431e-03  +2.39464e-03
+1.25250e+04  +2.26600e-03  +2.22690e-03  +2.40896e-03  +2.36559e-03
+1.25750e+04  +2.24180e-03  +2.20980e-03  +2.38270e-03  +2.34699e-03
+1.26250e+04  +2.21514e-03  +2.19019e-03  +2.35386e-03  +2.32569e-03
+1.26750e+04  +2.18729e-03  +2.16786e-03  +2.32375e-03  +2.30149e-03
+1.27250e+04  +2.16550e-03  +2.15341e-03  +2.30011e-03  +2.28575e-03
+1.27750e+04  +2.13351e-03  +2.12979e-03  +2.26564e-03  +2.26029e-03
+1.28250e+04  +2.03309e-03  +2.01667e-03  +2.15854e-03  +2.13993e-03
+1.28750e+04  +2.08228e-03  +2.08631e-03  +2.21030e-03  +2.21321e-03
+1.29250e+04  +2.05838e-03  +2.06722e-03  +2.18447e-03  +2.19247e-03
+1.29750e+04  +2.04604e-03  +2.06644e-03  +2.17093e-03  +2.19136e-03
+1.30250e+04  +2.01992e-03  +2.04247e-03  +2.14277e-03  +2.16548e-03
+1.30750e+04  +2.00425e-03  +2.03463e-03  +2.12571e-03  +2.15682e-03
+1.31250e+04  +1.97289e-03  +2.00506e-03  +2.09203e-03  +2.12501e-03
+1.31750e+04  +1.95243e-03  +1.98955e-03  +2.06991e-03  +2.10821e-03
+1.32250e+04  +1.93542e-03  +1.98080e-03  +2.05148e-03  +2.09859e-03
+1.32750e+04  +1.90506e-03  +1.95043e-03  +2.01889e-03  +2.06597e-03
+1.33250e+04  +1.89421e-03  +1.94923e-03  +2.00700e-03  +2.06441e-03
+1.33750e+04  +1.87063e-03  +1.92863e-03  +1.98163e-03  +2.04219e-03
+1.34250e+04  +1.85849e-03  +1.92466e-03  +1.96839e-03  +2.03769e-03
+1.34750e+04  +1.83837e-03  +1.90850e-03  +1.94671e-03  +2.02022e-03
+1.35250e+04  +1.81963e-03  +1.89458e-03  +1.92650e-03  +2.00515e-03
+1.35750e+04  +1.79249e-03  +1.86749e-03  +1.89741e-03  +1.97608e-03
+1.36250e+04  +1.77339e-03  +1.85175e-03  +1.87683e-03  +1.95907e-03
+1.36750e+04  +1.76080e-03  +1.84648e-03  +1.86316e-03  +1.95322e-03
+1.37250e+04  +1.74712e-03  +1.83858e-03  +1.84834e-03  +1.94458e-03
+1.37750e+04  +1.72762e-03  +1.82308e-03  +1.82738e-03  +1.92784e-03
+1.38250e+04  +1.71334e-03  +1.81425e-03  +1.81194e-03  +1.91822e-03
+1.38750e+04  +1.69177e-03  +1.79309e-03  +1.78881e-03  +1.89549e-03
+1.39250e+04  +1.68299e-03  +1.79065e-03  +1.77921e-03  +1.89265e-03
+1.39750e+04  +1.66891e-03  +1.78143e-03  +1.76401e-03  +1.88263e-03
+1.40250e+04  +1.64278e-03  +1.75552e-03  +1.73609e-03  +1.85488e-03
+1.40750e+04  +1.63524e-03  +1.75695e-03  +1.72782e-03  +1.85616e-03
+1.41250e+04  +1.61344e-03  +1.73613e-03  +1.70448e-03  +1.83383e-03
+1.41750e+04  +1.60617e-03  +1.73612e-03  +1.69651e-03  +1.83360e-03
+1.42250e+04  +1.58253e-03  +1.71060e-03  +1.67126e-03  +1.80631e-03
+1.42750e+04  +1.55981e-03  +1.68788e-03  +1.64698e-03  +1.78198e-03
+1.43250e+04  +1.55988e-03  +1.69761e-03  +1.64677e-03  +1.79207e-03
+1.43750e+04  +1.54934e-03  +1.69301e-03  +1.63537e-03  +1.78697e-03
+1.44250e+04  +1.51721e-03  +1.65487e-03  +1.60120e-03  +1.74635e-03
+1.44750e+04  +1.51942e-03  +1.66986e-03  +1.60326e-03  +1.76199e-03
+1.45250e+04  +1.49818e-03  +1.64658e-03  +1.58059e-03  +1.73713e-03
+1.45700e+04  +1.49161e-03  +1.64561e-03  +1.57342e-03  +1.73591e-03
+1.46200e+04  +1.48382e-03  +1.64065e-03  +1.56496e-03  +1.73043e-03
+1.46750e+04  +1.47171e-03  +1.63193e-03  +1.55191e-03  +1.72097e-03
+1.47250e+04  +1.44927e-03  +1.60604e-03  +1.52800e-03  +1.69335e-03
+1.47750e+04  +1.44332e-03  +1.60606e-03  +1.52149e-03  +1.69319e-03
+1.48250e+04  +1.43106e-03  +1.59679e-03  +1.50832e-03  +1.68319e-03
+1.48750e+04  +1.41291e-03  +1.57728e-03  +1.48897e-03  +1.66238e-03
+1.49250e+04  +1.41373e-03  +1.58868e-03  +1.48960e-03  +1.67424e-03
+1.49750e+04  +1.39432e-03  +1.56875e-03  +1.46892e-03  +1.65295e-03
+1.50250e+04  +1.37905e-03  +1.55229e-03  +1.45261e-03  +1.63541e-03
+1.50750e+04  +1.36167e-03  +1.53567e-03  +1.43409e-03  +1.61762e-03
+1.51250e+04  +1.36242e-03  +1.54728e-03  +1.43465e-03  +1.62968e-03
+1.51750e+04  +1.35360e-03  +1.54231e-03  +1.42516e-03  +1.62422e-03
+1.52250e+04  +1.34606e-03  +1.53927e-03  +1.41701e-03  +1.62076e-03
+1.52750e+04  +1.33491e-03  +1.52876e-03  +1.40506e-03  +1.60958e-03
+1.53250e+04  +1.32141e-03  +1.51725e-03  +1.39065e-03  +1.59719e-03
+1.53750e+04  +1.32216e-03  +1.52718e-03  +1.39124e-03  +1.60741e-03
+1.54250e+04  +1.30570e-03  +1.50872e-03  +1.37372e-03  +1.58784e-03
+1.54750e+04  +1.30406e-03  +1.51551e-03  +1.37180e-03  +1.59470e-03
+1.55250e+04  +1.28743e-03  +1.49811e-03  +1.35410e-03  +1.57613e-03
+1.55750e+04  +1.24751e-03  +1.44468e-03  +1.31193e-03  +1.51971e-03
+1.56250e+04  +1.26722e-03  +1.48208e-03  +1.33247e-03  +1.55880e-03
+1.56750e+04  +1.24687e-03  +1.45852e-03  +1.31090e-03  +1.53385e-03
+1.57250e+04  +1.24130e-03  +1.45353e-03  +1.30485e-03  +1.52855e-03
+1.57750e+04  +1.20701e-03  +1.41082e-03  +1.26863e-03  +1.48311e-03
+1.58250e+04  +1.21202e-03  +1.42570e-03  +1.27372e-03  +1.49864e-03
+1.58750e+04  +1.17855e-03  +1.37998e-03  +1.23838e-03  +1.45054e-03
+1.59250e+04  +1.20333e-03  +1.42587e-03  +1.26424e-03  +1.49854e-03
+1.59750e+04  +1.18434e-03  +1.40248e-03  +1.24412e-03  +1.47366e-03
+1.60500e+04  +1.17483e-03  +1.39769e-03  +1.23389e-03  +1.46842e-03
+1.61500e+04  +1.14932e-03  +1.37010e-03  +1.20678e-03  +1.43915e-03
+1.62500e+04  +1.13924e-03  +1.36496e-03  +1.19589e-03  +1.43330e-03
+1.63500e+04  +1.13305e-03  +1.36450e-03  +1.18907e-03  +1.43260e-03
+1.64500e+04  +1.07724e-03  +1.29165e-03  +1.13022e-03  +1.35569e-03
+1.65500e+04  +1.09382e-03  +1.32247e-03  +1.14733e-03  +1.38776e-03
+1.66500e+04  +1.05409e-03  +1.27200e-03  +1.10538e-03  +1.33438e-03
+1.67500e+04  +1.04305e-03  +1.26305e-03  +1.09354e-03  +1.32477e-03
+1.68500e+04  +1.00173e-03  +1.20950e-03  +1.04996e-03  +1.26828e-03
+1.69500e+04  +1.01174e-03  +1.22946e-03  +1.06020e-03  +1.28894e-03
+1.70500e+04  +9.80771e-04  +1.19050e-03  +1.02751e-03  +1.24776e-03
+1.71500e+04  +9.69525e-04  +1.17971e-03  +1.01549e-03  +1.23620e-03
+1.72500e+04  +9.48327e-04  +1.15370e-03  +9.93054e-04  +1.20866e-03
+1.73500e+04  +9.11278e-04  +1.10591e-03  +9.54041e-04  +1.15836e-03
+1.74500e+04  +9.12428e-04  +1.11267e-03  +9.55030e-04  +1.16516e-03
+1.75500e+04  +8.93388e-04  +1.09125e-03  +9.34892e-04  +1.14246e-03
+1.76500e+04  +8.80311e-04  +1.07722e-03  +9.21005e-04  +1.12756e-03
+1.77500e+04  +8.60356e-04  +1.05348e-03  +8.99932e-04  +1.10245e-03
+1.78500e+04  +8.47628e-04  +1.03990e-03  +8.86428e-04  +1.08802e-03
+1.79500e+04  +8.32282e-04  +1.02174e-03  +8.70195e-04  +1.06880e-03
+1.80500e+04  +8.12076e-04  +9.97196e-04  +8.48891e-04  +1.04289e-03
+1.81500e+04  +7.88481e-04  +9.69718e-04  +8.24055e-04  +1.01400e-03
+1.82500e+04  +7.81155e-04  +9.61977e-04  +8.16231e-04  +1.00566e-03
+1.83500e+04  +7.68622e-04  +9.47317e-04  +8.02972e-04  +9.90129e-04
+1.84500e+04  +7.52987e-04  +9.27978e-04  +7.86481e-04  +9.69719e-04
+1.85500e+04  +7.43214e-04  +9.15484e-04  +7.76119e-04  +9.56486e-04
+1.86500e+04  +7.26737e-04  +8.92825e-04  +7.58764e-04  +9.32618e-04
+1.87500e+04  +7.03122e-04  +8.63134e-04  +7.33966e-04  +9.01475e-04
+1.88500e+04  +7.01299e-04  +8.67036e-04  +7.31922e-04  +9.05341e-04
+1.89500e+04  +6.78907e-04  +8.38341e-04  +7.08418e-04  +8.75174e-04
+1.90500e+04  +6.77909e-04  +8.42216e-04  +7.07244e-04  +8.79103e-04
+1.91500e+04  +6.64231e-04  +8.25208e-04  +6.92845e-04  +8.61183e-04
+1.92500e+04  +6.53508e-04  +8.12950e-04  +6.81535e-04  +8.48240e-04
+1.93500e+04  +6.37080e-04  +7.92180e-04  +6.64282e-04  +8.26403e-04
+1.94500e+04  +6.16515e-04  +7.67226e-04  +6.42723e-04  +8.00258e-04
+1.95500e+04  +6.17524e-04  +7.70025e-04  +6.43660e-04  +8.03017e-04
+1.96500e+04  +6.06817e-04  +7.57229e-04  +6.32389e-04  +7.89529e-04
+1.97500e+04  +5.94618e-04  +7.41999e-04  +6.19567e-04  +7.73511e-04
+1.98500e+04  +5.85541e-04  +7.31988e-04  +6.10005e-04  +7.62947e-04
+1.99500e+04  +5.75706e-04  +7.20484e-04  +5.99657e-04  +7.50829e-04
+2.00500e+04  +5.69666e-04  +7.14501e-04  +5.93265e-04  +7.44483e-04
+2.01500e+04  +5.60607e-04  +7.04018e-04  +5.83733e-04  +7.33440e-04
+2.02500e+04  +5.46665e-04  +6.86113e-04  +5.69122e-04  +7.14652e-04
+2.03500e+04  +5.37545e-04  +6.74838e-04  +5.59535e-04  +7.02795e-04
+2.04500e+04  +5.32743e-04  +6.70838e-04  +5.54447e-04  +6.98531e-04
+2.05500e+04  +5.23017e-04  +6.58691e-04  +5.44237e-04  +6.85770e-04
+2.06500e+04  +5.14865e-04  +6.45925e-04  +5.35669e-04  +6.72367e-04
+2.07500e+04  +5.07777e-04  +6.36634e-04  +5.28212e-04  +6.62593e-04
+2.08500e+04  +4.98122e-04  +6.26166e-04  +5.18087e-04  +6.51594e-04
+2.09500e+04  +4.87103e-04  +6.13772e-04  +5.06549e-04  +6.38594e-04
+2.10500e+04  +4.81565e-04  +6.08962e-04  +5.00713e-04  +6.33503e-04
+2.11500e+04  +4.71888e-04  +5.97366e-04  +4.90577e-04  +6.21340e-04
+2.12500e+04  +4.64068e-04  +5.87949e-04  +4.82375e-04  +6.11453e-04
+2.13500e+04  +4.58612e-04  +5.82023e-04  +4.76633e-04  +6.05209e-04
+2.14500e+04  +4.50830e-04  +5.72547e-04  +4.68477e-04  +5.95266e-04
+2.15500e+04  +4.43152e-04  +5.63183e-04  +4.60431e-04  +5.85445e-04
+2.16500e+04  +4.29058e-04  +5.45814e-04  +4.45723e-04  +5.67322e-04
+2.17500e+04  +4.26920e-04  +5.42838e-04  +4.43438e-04  +5.64127e-04
+2.18500e+04  +4.21617e-04  +5.36143e-04  +4.37868e-04  +5.57094e-04
+2.19500e+04  +4.15654e-04  +5.29410e-04  +4.31615e-04  +5.50021e-04
+2.20500e+04  +4.05926e-04  +5.16781e-04  +4.21455e-04  +5.36816e-04
+2.21500e+04  +4.02996e-04  +5.14501e-04  +4.18356e-04  +5.34386e-04
+2.22500e+04  +3.93345e-04  +5.01972e-04  +4.08280e-04  +5.21289e-04
+2.23500e+04  +3.88313e-04  +4.96093e-04  +4.03003e-04  +5.15119e-04
+2.24500e+04  +3.82686e-04  +4.89358e-04  +3.97110e-04  +5.08059e-04
+2.25500e+04  +3.77341e-04  +4.82934e-04  +3.91512e-04  +5.01325e-04
+2.26500e+04  +3.70084e-04  +4.73690e-04  +3.83932e-04  +4.91658e-04
+2.27500e+04  +3.66623e-04  +4.69907e-04  +3.80292e-04  +4.87676e-04
+2.28500e+04  +3.59478e-04  +4.60515e-04  +3.72832e-04  +4.77861e-04
+2.29500e+04  +3.24084e-04  +4.04704e-04  +3.36080e-04  +4.19810e-04
+2.30500e+04  +3.35810e-04  +4.25940e-04  +3.48196e-04  +4.41836e-04
+2.31500e+04  +3.30916e-04  +4.20508e-04  +3.43078e-04  +4.36145e-04
+2.32500e+04  +3.01546e-04  +3.73989e-04  +3.12590e-04  +3.87779e-04
+2.33500e+04  +3.12461e-04  +3.94398e-04  +3.23865e-04  +4.08938e-04
+2.34500e+04  +3.06328e-04  +3.87877e-04  +3.17469e-04  +4.02117e-04
+2.35500e+04  +2.80362e-04  +3.46506e-04  +2.90524e-04  +3.59123e-04
+2.36500e+04  +2.93141e-04  +3.69278e-04  +3.03729e-04  +3.82736e-04
+2.37500e+04  +2.86381e-04  +3.62108e-04  +2.96689e-04  +3.75244e-04
+2.38500e+04  +2.66292e-04  +3.29525e-04  +2.75845e-04  +3.41396e-04
+2.39500e+04  +2.75971e-04  +3.47033e-04  +2.85838e-04  +3.59539e-04
+2.40500e+04  +2.73096e-04  +3.45293e-04  +2.82827e-04  +3.57694e-04
+2.41500e+04  +2.56036e-04  +3.17721e-04  +2.65128e-04  +3.29055e-04
+2.42500e+04  +2.63574e-04  +3.31150e-04  +2.72903e-04  +3.42957e-04
+2.43500e+04  +2.60650e-04  +3.29124e-04  +2.69845e-04  +3.40825e-04
+2.44500e+04  +2.49087e-04  +3.11888e-04  +2.57845e-04  +3.22920e-04
+2.45500e+04  +2.47696e-04  +3.11449e-04  +2.56376e-04  +3.22431e-04
+2.46500e+04  +2.50591e-04  +3.18112e-04  +2.59344e-04  +3.29316e-04
+2.47500e+04  +2.43547e-04  +3.07859e-04  +2.52027e-04  +3.18658e-04
+2.48500e+04  +2.35183e-04  +2.95982e-04  +2.43345e-04  +3.06309e-04
+2.49500e+04  +2.37473e-04  +3.01358e-04  +2.45688e-04  +3.11868e-04
+2.50500e+04  +2.41112e-04  +3.07996e-04  +2.49426e-04  +3.18713e-04
+2.51500e+04  +2.26296e-04  +2.85644e-04  +2.34074e-04  +2.95518e-04
+2.52500e+04  +2.29193e-04  +2.91836e-04  +2.37046e-04  +3.01926e-04
+2.53500e+04  +2.29080e-04  +2.92822e-04  +2.36904e-04  +3.02911e-04
+2.54500e+04  +2.24435e-04  +2.86088e-04  +2.32077e-04  +2.95910e-04
+2.55500e+04  +2.20171e-04  +2.80921e-04  +2.27644e-04  +2.90532e-04
+2.56500e+04  +2.18237e-04  +2.79169e-04  +2.25622e-04  +2.88706e-04
+2.57500e+04  +2.18776e-04  +2.80878e-04  +2.26156e-04  +2.90443e-04
+2.58500e+04  +2.10136e-04  +2.68136e-04  +2.17203e-04  +2.77223e-04
+2.59500e+04  +2.10556e-04  +2.70104e-04  +2.17615e-04  +2.79238e-04
+2.60500e+04  +2.10224e-04  +2.70369e-04  +2.17251e-04  +2.79496e-04
+2.61500e+04  +2.04319e-04  +2.62479e-04  +2.11128e-04  +2.71314e-04
+2.62500e+04  +2.00247e-04  +2.57745e-04  +2.06900e-04  +2.66395e-04
+2.63500e+04  +2.02248e-04  +2.60696e-04  +2.08947e-04  +2.69419e-04
+2.64500e+04  +2.00501e-04  +2.58861e-04  +2.07122e-04  +2.67498e-04
+2.65500e+04  +1.96627e-04  +2.53751e-04  +2.03101e-04  +2.62189e-04
+2.66500e+04  +1.92926e-04  +2.48783e-04  +1.99260e-04  +2.57030e-04
+2.67500e+04  +1.93066e-04  +2.50369e-04  +1.99386e-04  +2.58664e-04
+2.68500e+04  +1.91714e-04  +2.48618e-04  +1.97971e-04  +2.56823e-04
+2.69500e+04  +1.87201e-04  +2.42415e-04  +1.93293e-04  +2.50384e-04
+2.70500e+04  +1.87215e-04  +2.42995e-04  +1.93290e-04  +2.50969e-04
+2.71500e+04  +1.84891e-04  +2.40188e-04  +1.90873e-04  +2.48048e-04
+2.72500e+04  +1.83573e-04  +2.38871e-04  +1.89495e-04  +2.46669e-04
+2.73500e+04  +1.79021e-04  +2.32672e-04  +1.84780e-04  +2.40239e-04
+2.74500e+04  +1.78498e-04  +2.32470e-04  +1.84224e-04  +2.40015e-04
+2.75500e+04  +1.75795e-04  +2.29401e-04  +1.81418e-04  +2.36834e-04
+2.76500e+04  +1.73789e-04  +2.26750e-04  +1.79332e-04  +2.34070e-04
+2.77500e+04  +1.71188e-04  +2.23287e-04  +1.76633e-04  +2.30472e-04
+2.78500e+04  +1.70419e-04  +2.22532e-04  +1.75824e-04  +2.29678e-04
+2.79500e+04  +1.69273e-04  +2.21387e-04  +1.74627e-04  +2.28478e-04
+2.80500e+04  +1.67105e-04  +2.18439e-04  +1.72376e-04  +2.25417e-04
+2.81500e+04  +1.64452e-04  +2.14671e-04  +1.69625e-04  +2.21508e-04
+2.82500e+04  +1.63111e-04  +2.13044e-04  +1.68228e-04  +2.19813e-04
+2.83500e+04  +1.61685e-04  +2.11547e-04  +1.66743e-04  +2.18252e-04
+2.84500e+04  +1.59335e-04  +2.08725e-04  +1.64307e-04  +2.15323e-04
+2.85500e+04  +1.57158e-04  +2.06038e-04  +1.62048e-04  +2.12533e-04
+2.86500e+04  +1.54989e-04  +2.03388e-04  +1.59799e-04  +2.09784e-04
+2.87500e+04  +1.51978e-04  +1.99627e-04  +1.56681e-04  +2.05892e-04
+2.88500e+04  +1.51663e-04  +1.99174e-04  +1.56344e-04  +2.05404e-04
+2.89500e+04  +1.49966e-04  +1.97034e-04  +1.54582e-04  +2.03181e-04
+2.90500e+04  +1.48088e-04  +1.94609e-04  +1.52635e-04  +2.00664e-04
+2.91500e+04  +1.46543e-04  +1.92717e-04  +1.51030e-04  +1.98699e-04
+2.92500e+04  +1.44062e-04  +1.89398e-04  +1.48462e-04  +1.95260e-04
+2.93500e+04  +1.43235e-04  +1.88515e-04  +1.47598e-04  +1.94337e-04
+2.94500e+04  +1.41049e-04  +1.85576e-04  +1.45334e-04  +1.91292e-04
+2.95500e+04  +1.39433e-04  +1.83565e-04  +1.43659e-04  +1.89205e-04
+2.96500e+04  +1.38081e-04  +1.81921e-04  +1.42255e-04  +1.87497e-04
+2.97500e+04  +1.36399e-04  +1.79774e-04  +1.40511e-04  +1.85270e-04
+2.98500e+04  +1.34598e-04  +1.77436e-04  +1.38646e-04  +1.82846e-04
+2.99500e+04  +1.32997e-04  +1.75359e-04  +1.36986e-04  +1.80693e-04
+3.00500e+04  +1.31350e-04  +1.73229e-04  +1.35280e-04  +1.78484e-04
+3.01500e+04  +1.29961e-04  +1.71490e-04  +1.33840e-04  +1.76680e-04
+3.02500e+04  +1.28107e-04  +1.69078e-04  +1.31920e-04  +1.74182e-04
+3.03500e+04  +1.25231e-04  +1.65364e-04  +1.28949e-04  +1.70346e-04
+3.04500e+04  +1.24665e-04  +1.64751e-04  +1.28357e-04  +1.69702e-04
+3.05500e+04  +1.23540e-04  +1.63127e-04  +1.27190e-04  +1.68015e-04
+3.06500e+04  +1.22181e-04  +1.61190e-04  +1.25782e-04  +1.66008e-04
+3.07500e+04  +1.21367e-04  +1.59553e-04  +1.24936e-04  +1.64312e-04
+3.08500e+04  +1.19797e-04  +1.57197e-04  +1.23311e-04  +1.61873e-04
+3.09500e+04  +1.18374e-04  +1.55444e-04  +1.21838e-04  +1.60057e-04
+3.10500e+04  +1.16995e-04  +1.54045e-04  +1.20410e-04  +1.58606e-04
+3.11500e+04  +1.14865e-04  +1.51455e-04  +1.18209e-04  +1.55928e-04
+3.12500e+04  +1.13735e-04  +1.50314e-04  +1.17038e-04  +1.54743e-04
+3.13500e+04  +1.12413e-04  +1.48639e-04  +1.15670e-04  +1.53008e-04
+3.14500e+04  +1.11034e-04  +1.46833e-04  +1.14244e-04  +1.51139e-04
+3.15500e+04  +1.09564e-04  +1.44871e-04  +1.12724e-04  +1.49109e-04
+3.16500e+04  +1.08221e-04  +1.43197e-04  +1.11335e-04  +1.47376e-04
+3.17500e+04  +1.07091e-04  +1.41798e-04  +1.10165e-04  +1.45927e-04
+3.18500e+04  +1.05800e-04  +1.40119e-04  +1.08830e-04  +1.44188e-04
+3.19500e+04  +1.04651e-04  +1.38626e-04  +1.07641e-04  +1.42643e-04
+3.21000e+04  +1.02721e-04  +1.36078e-04  +1.05646e-04  +1.40008e-04
+3.23000e+04  +1.00278e-04  +1.32899e-04  +1.03120e-04  +1.36719e-04
+3.25000e+04  +9.79620e-05  +1.29856e-04  +1.00725e-04  +1.33571e-04
+3.27000e+04  +9.58971e-05  +1.26824e-04  +9.85901e-05  +1.30436e-04
+3.29000e+04  +9.29565e-05  +1.23082e-04  +9.55551e-05  +1.26573e-04
+3.31000e+04  +9.12146e-05  +1.20925e-04  +9.37532e-05  +1.24338e-04
+3.33000e+04  +8.91217e-05  +1.18236e-04  +9.15910e-05  +1.21558e-04
+3.35000e+04  +8.72879e-05  +1.15898e-04  +8.96958e-05  +1.19141e-04
+3.37000e+04  +8.52729e-05  +1.13218e-04  +8.76149e-05  +1.16372e-04
+3.39000e+04  +8.32978e-05  +1.10560e-04  +8.55757e-05  +1.13626e-04
+3.41000e+04  +8.13893e-05  +1.08065e-04  +8.36054e-05  +1.11049e-04
+3.43000e+04  +7.97876e-05  +1.06043e-04  +8.19509e-05  +1.08959e-04
+3.45000e+04  +7.80718e-05  +1.03804e-04  +8.01797e-05  +1.06646e-04
+3.47000e+04  +7.63724e-05  +1.01528e-04  +7.84257e-05  +1.04296e-04
+3.49000e+04  +7.47178e-05  +9.93814e-05  +7.67182e-05  +1.02080e-04
+3.51000e+04  +7.31481e-05  +9.73561e-05  +7.50985e-05  +9.99892e-05
+3.53000e+04  +7.14801e-05  +9.50962e-05  +7.33782e-05  +9.76573e-05
+3.55000e+04  +7.00441e-05  +9.32356e-05  +7.18965e-05  +9.57367e-05
+3.57000e+04  +6.84990e-05  +9.12001e-05  +7.03032e-05  +9.36367e-05
+3.59000e+04  +6.71053e-05  +8.93796e-05  +6.88657e-05  +9.17576e-05
+3.61000e+04  +6.57042e-05  +8.75470e-05  +6.74210e-05  +8.98676e-05
+3.63000e+04  +6.44264e-05  +8.58927e-05  +6.61032e-05  +8.81600e-05
+3.65000e+04  +6.28359e-05  +8.37636e-05  +6.44648e-05  +8.59663e-05
+3.67000e+04  +6.16481e-05  +8.21944e-05  +6.32401e-05  +8.43468e-05
+3.69000e+04  +6.00953e-05  +8.00899e-05  +6.16411e-05  +8.21794e-05
+3.71000e+04  +5.89219e-05  +7.85578e-05  +6.04318e-05  +8.05987e-05
+3.73000e+04  +5.77526e-05  +7.70951e-05  +5.92269e-05  +7.90911e-05
+3.75000e+04  +5.61266e-05  +7.49076e-05  +5.75540e-05  +7.68399e-05
+3.77000e+04  +5.56095e-05  +7.42332e-05  +5.70184e-05  +7.61405e-05
+3.79000e+04  +5.44981e-05  +7.27602e-05  +5.58737e-05  +7.46225e-05
+3.81000e+04  +5.33773e-05  +7.12919e-05  +5.47196e-05  +7.31104e-05
+3.83000e+04  +5.24135e-05  +7.00398e-05  +5.37267e-05  +7.18199e-05
+3.85000e+04  +5.15122e-05  +6.88172e-05  +5.27981e-05  +7.05596e-05
+3.87000e+04  +5.03682e-05  +6.72724e-05  +5.16210e-05  +6.89693e-05
+3.89000e+04  +4.94100e-05  +6.60452e-05  +5.06346e-05  +6.77053e-05
+3.91000e+04  +4.83348e-05  +6.46492e-05  +4.95285e-05  +6.62690e-05
+3.93000e+04  +4.75802e-05  +6.36512e-05  +4.87510e-05  +6.52399e-05
+3.95000e+04  +4.65511e-05  +6.22728e-05  +4.76925e-05  +6.38214e-05
+3.97000e+04  +4.57127e-05  +6.11661e-05  +4.68297e-05  +6.26819e-05
+3.99000e+04  +4.46402e-05  +5.97009e-05  +4.57272e-05  +6.11749e-05
+4.01000e+04  +4.38663e-05  +5.86999e-05  +4.49307e-05  +6.01446e-05
+4.03000e+04  +4.31596e-05  +5.76672e-05  +4.42033e-05  +5.90822e-05
+4.05000e+04  +4.21765e-05  +5.63473e-05  +4.31930e-05  +5.77252e-05
+4.07000e+04  +4.16096e-05  +5.56492e-05  +4.26090e-05  +5.70049e-05
+4.09000e+04  +4.08351e-05  +5.46653e-05  +4.18126e-05  +5.59926e-05
+4.11000e+04  +4.00872e-05  +5.36994e-05  +4.10436e-05  +5.49989e-05
+4.13000e+04  +3.93692e-05  +5.27650e-05  +4.03053e-05  +5.40377e-05
+4.15000e+04  +3.85905e-05  +5.17362e-05  +3.95051e-05  +5.29800e-05
+4.17000e+04  +3.77010e-05  +5.05691e-05  +3.85916e-05  +5.17811e-05
+4.19000e+04  +3.71800e-05  +4.98164e-05  +3.80554e-05  +5.10061e-05
+4.21000e+04  +3.64834e-05  +4.88406e-05  +3.73397e-05  +5.00032e-05
+4.23000e+04  +3.59508e-05  +4.81988e-05  +3.67918e-05  +4.93427e-05
+4.25000e+04  +3.52000e-05  +4.72148e-05  +3.60208e-05  +4.83316e-05
+4.27000e+04  +3.46441e-05  +4.64843e-05  +3.54495e-05  +4.75804e-05
+4.29000e+04  +3.28285e-05  +4.34786e-05  +3.35892e-05  +4.44987e-05
+4.31000e+04  +3.10898e-05  +4.08150e-05  +3.18080e-05  +4.17673e-05
+4.33000e+04  +3.11348e-05  +4.12341e-05  +3.18518e-05  +4.21943e-05
+4.35000e+04  +2.94800e-05  +3.86683e-05  +3.01568e-05  +3.95644e-05
+4.37000e+04  +2.85203e-05  +3.74053e-05  +2.91731e-05  +3.82691e-05
+4.39000e+04  +2.78978e-05  +3.65901e-05  +2.85343e-05  +3.74315e-05
+4.41000e+04  +2.65443e-05  +3.43841e-05  +2.71481e-05  +3.51710e-05
+4.43000e+04  +2.62419e-05  +3.41331e-05  +2.68371e-05  +3.49120e-05
+4.45000e+04  +2.56422e-05  +3.33155e-05  +2.62220e-05  +3.40732e-05
+4.47000e+04  +2.45827e-05  +3.16120e-05  +2.51369e-05  +3.23278e-05
+4.49000e+04  +2.47028e-05  +3.20411e-05  +2.52580e-05  +3.27654e-05
+4.51000e+04  +2.39822e-05  +3.10122e-05  +2.45196e-05  +3.17105e-05
+4.53000e+04  +2.32290e-05  +2.98292e-05  +2.37480e-05  +3.04985e-05
+4.55000e+04  +2.31989e-05  +2.99629e-05  +2.37157e-05  +3.06339e-05
+4.57000e+04  +2.28353e-05  +2.95449e-05  +2.33426e-05  +3.02046e-05
+4.59000e+04  +2.19852e-05  +2.81759e-05  +2.24722e-05  +2.88025e-05
+4.61000e+04  +2.21425e-05  +2.86238e-05  +2.26316e-05  +2.92595e-05
+4.63000e+04  +2.16193e-05  +2.78825e-05  +2.20955e-05  +2.84997e-05
+4.65000e+04  +2.12123e-05  +2.74449e-05  +2.16782e-05  +2.80511e-05
+4.67000e+04  +2.10702e-05  +2.73156e-05  +2.15317e-05  +2.79177e-05
+4.69000e+04  +2.07617e-05  +2.69038e-05  +2.12152e-05  +2.74946e-05
+4.71000e+04  +2.03435e-05  +2.63127e-05  +2.07866e-05  +2.68888e-05
+4.73000e+04  +2.04767e-05  +2.65400e-05  +2.09214e-05  +2.71202e-05
+4.75000e+04  +2.01000e-05  +2.58975e-05  +2.05354e-05  +2.64619e-05
+4.77000e+04  +1.97882e-05  +2.55525e-05  +2.02157e-05  +2.61079e-05
+4.79000e+04  +1.94702e-05  +2.52600e-05  +1.98897e-05  +2.58077e-05
+4.81000e+04  +1.89467e-05  +2.45801e-05  +1.93538e-05  +2.51114e-05
+4.83000e+04  +1.90263e-05  +2.48711e-05  +1.94340e-05  +2.54078e-05
+4.85000e+04  +1.86369e-05  +2.43363e-05  +1.90352e-05  +2.48599e-05
+4.87000e+04  +1.82493e-05  +2.37882e-05  +1.86383e-05  +2.42986e-05
+4.89000e+04  +1.80347e-05  +2.35542e-05  +1.84181e-05  +2.40583e-05
+4.91000e+04  +1.77648e-05  +2.31916e-05  +1.81415e-05  +2.36867e-05
+4.93000e+04  +1.75052e-05  +2.28616e-05  +1.78754e-05  +2.33484e-05
+4.95000e+04  +1.71827e-05  +2.24417e-05  +1.75452e-05  +2.29182e-05
+4.97000e+04  +1.71044e-05  +2.23895e-05  +1.74643e-05  +2.28641e-05
+4.99000e+04  +1.68243e-05  +2.20236e-05  +1.71774e-05  +2.24891e-05
+5.01000e+04  +1.66501e-05  +2.18137e-05  +1.69986e-05  +2.22738e-05
+5.03000e+04  +1.64512e-05  +2.15182e-05  +1.67947e-05  +2.19709e-05
+5.05000e+04  +1.61075e-05  +2.09666e-05  +1.64430e-05  +2.14065e-05
+5.07000e+04  +1.60095e-05  +2.08275e-05  +1.63421e-05  +2.12636e-05
+5.09000e+04  +1.58305e-05  +2.05811e-05  +1.61586e-05  +2.10109e-05
+5.11000e+04  +1.55677e-05  +2.01659e-05  +1.58895e-05  +2.05860e-05
+5.13000e+04  +1.53617e-05  +1.99135e-05  +1.56784e-05  +2.03276e-05
+5.15000e+04  +1.52212e-05  +1.96570e-05  +1.55343e-05  +2.00646e-05
+5.17000e+04  +1.52223e-05  +1.96953e-05  +1.55347e-05  +2.01030e-05
+5.19000e+04  +1.49631e-05  +1.92679e-05  +1.52694e-05  +1.96658e-05
+5.21000e+04  +1.48163e-05  +1.90416e-05  +1.51189e-05  +1.94339e-05
+5.23000e+04  +1.46023e-05  +1.87231e-05  +1.48997e-05  +1.91078e-05
+5.25000e+04  +1.45121e-05  +1.86119e-05  +1.48071e-05  +1.89936e-05
+5.27000e+04  +1.45116e-05  +1.86373e-05  +1.48059e-05  +1.90189e-05
+5.29000e+04  +1.41572e-05  +1.80614e-05  +1.44436e-05  +1.84302e-05
+5.31000e+04  +1.39696e-05  +1.77932e-05  +1.42516e-05  +1.81556e-05
+5.33000e+04  +1.39118e-05  +1.77139e-05  +1.41919e-05  +1.80741e-05
+5.35000e+04  +1.37521e-05  +1.74819e-05  +1.40284e-05  +1.78365e-05
+5.37000e+04  +1.36246e-05  +1.72984e-05  +1.38976e-05  +1.76486e-05
+5.39000e+04  +1.34982e-05  +1.71156e-05  +1.37681e-05  +1.74613e-05
+5.41000e+04  +1.33656e-05  +1.69128e-05  +1.36323e-05  +1.72538e-05
+5.43000e+04  +1.31494e-05  +1.65712e-05  +1.34112e-05  +1.69044e-05
+5.45000e+04  +1.31270e-05  +1.65579e-05  +1.33877e-05  +1.68903e-05
+5.47000e+04  +1.28975e-05  +1.62191e-05  +1.31531e-05  +1.65438e-05
+5.49000e+04  +1.28225e-05  +1.60987e-05  +1.30760e-05  +1.64205e-05
+5.51000e+04  +1.26576e-05  +1.58183e-05  +1.29073e-05  +1.61337e-05
+5.53000e+04  +1.27691e-05  +1.59942e-05  +1.30204e-05  +1.63128e-05
+5.55000e+04  +1.24403e-05  +1.54519e-05  +1.26846e-05  +1.57588e-05
+5.57000e+04  +1.24411e-05  +1.54989e-05  +1.26849e-05  +1.58063e-05
+5.59000e+04  +1.22343e-05  +1.51943e-05  +1.24735e-05  +1.54950e-05
+5.61000e+04  +1.21783e-05  +1.51437e-05  +1.24159e-05  +1.54428e-05
+5.63000e+04  +1.19393e-05  +1.47959e-05  +1.21717e-05  +1.50874e-05
+5.65000e+04  +1.19111e-05  +1.47818e-05  +1.21425e-05  +1.50726e-05
+5.67000e+04  +1.17767e-05  +1.45839e-05  +1.20050e-05  +1.48702e-05
+5.69000e+04  +1.15778e-05  +1.42756e-05  +1.18018e-05  +1.45552e-05
+5.71000e+04  +1.15641e-05  +1.42768e-05  +1.17874e-05  +1.45559e-05
+5.73000e+04  +1.14483e-05  +1.41040e-05  +1.16688e-05  +1.43792e-05
+5.75000e+04  +1.13318e-05  +1.39287e-05  +1.15496e-05  +1.41999e-05
+5.77000e+04  +1.12090e-05  +1.37363e-05  +1.14241e-05  +1.40033e-05
+5.79000e+04  +1.11518e-05  +1.36706e-05  +1.13653e-05  +1.39358e-05
+5.81000e+04  +1.10040e-05  +1.34467e-05  +1.12143e-05  +1.37070e-05
+5.83000e+04  +1.09049e-05  +1.33058e-05  +1.11128e-05  +1.35629e-05
+5.85000e+04  +1.08015e-05  +1.31595e-05  +1.10070e-05  +1.34133e-05
+5.87000e+04  +1.06519e-05  +1.29302e-05  +1.08542e-05  +1.31791e-05
+5.89000e+04  +1.05641e-05  +1.28056e-05  +1.07642e-05  +1.30516e-05
+5.91000e+04  +1.04079e-05  +1.26057e-05  +1.06047e-05  +1.28475e-05
+5.93000e+04  +1.03902e-05  +1.25478e-05  +1.05863e-05  +1.27880e-05
+5.95000e+04  +1.02629e-05  +1.23587e-05  +1.04562e-05  +1.25948e-05
+5.97000e+04  +1.02018e-05  +1.22806e-05  +1.03936e-05  +1.25148e-05
+5.99000e+04  +1.00982e-05  +1.21359e-05  +1.02877e-05  +1.23669e-05
+6.01000e+04  +1.00009e-05  +1.19990e-05  +1.01881e-05  +1.22269e-05
+6.03000e+04  +9.90110e-06  +1.18531e-05  +1.00861e-05  +1.20778e-05
+6.05000e+04  +9.77244e-06  +1.16590e-05  +9.95472e-06  +1.18796e-05
+6.07000e+04  +9.68853e-06  +1.15390e-05  +9.86889e-06  +1.17570e-05
+6.09000e+04  +9.58953e-06  +1.13970e-05  +9.76770e-06  +1.16119e-05
+6.11000e+04  +9.48706e-06  +1.12448e-05  +9.66299e-06  +1.14564e-05
+6.13000e+04  +9.41640e-06  +1.11465e-05  +9.59068e-06  +1.13559e-05
+6.15000e+04  +9.33870e-06  +1.10355e-05  +9.51122e-06  +1.12425e-05
+6.17000e+04  +9.27573e-06  +1.09490e-05  +9.44676e-06  +1.11541e-05
+6.19000e+04  +9.17654e-06  +1.08067e-05  +9.34542e-06  +1.10086e-05
+6.21000e+04  +9.10509e-06  +1.07050e-05  +9.27234e-06  +1.09047e-05
+6.23000e+04  +8.99619e-06  +1.05448e-05  +9.16114e-06  +1.07411e-05
+6.25000e+04  +8.89118e-06  +1.03883e-05  +9.05390e-06  +1.05814e-05
+6.27000e+04  +8.81179e-06  +1.02757e-05  +8.97276e-06  +1.04664e-05
+6.29000e+04  +8.73417e-06  +1.01646e-05  +8.89343e-06  +1.03529e-05
+6.31000e+04  +8.65088e-06  +1.00457e-05  +8.80834e-06  +1.02314e-05
+6.33000e+04  +8.59287e-06  +9.96839e-06  +8.74898e-06  +1.01524e-05
+6.35000e+04  +8.49863e-06  +9.82978e-06  +8.65275e-06  +1.00109e-05
+6.37000e+04  +8.44645e-06  +9.76261e-06  +8.59934e-06  +9.94223e-06
+6.39000e+04  +8.33247e-06  +9.59208e-06  +8.48304e-06  +9.76822e-06
+6.42000e+04  +8.23477e-06  +9.45682e-06  +8.38317e-06  +9.63005e-06
+6.46000e+04  +8.07532e-06  +9.22769e-06  +8.22033e-06  +9.39614e-06
+6.50000e+04  +7.93308e-06  +9.02523e-06  +8.07504e-06  +9.18944e-06
+6.54000e+04  +7.78522e-06  +8.81440e-06  +7.92404e-06  +8.97424e-06
+6.58000e+04  +7.65155e-06  +8.63073e-06  +7.78752e-06  +8.78673e-06
+6.62000e+04  +7.50603e-06  +8.42510e-06  +7.63896e-06  +8.57687e-06
+6.66000e+04  +7.37350e-06  +8.23820e-06  +7.50364e-06  +8.38613e-06
+6.70000e+04  +7.24551e-06  +8.06147e-06  +7.37296e-06  +8.20576e-06
+6.74000e+04  +7.11027e-06  +7.87121e-06  +7.23493e-06  +8.01164e-06
+6.78000e+04  +6.98567e-06  +7.69758e-06  +7.10774e-06  +7.83448e-06
+6.82000e+04  +6.86061e-06  +7.52488e-06  +6.98010e-06  +7.65828e-06
+6.86000e+04  +6.74436e-06  +7.36516e-06  +6.86145e-06  +7.49534e-06
+6.90000e+04  +6.65223e-06  +7.19150e-06  +6.76734e-06  +7.31823e-06
+6.94000e+04  +6.56114e-06  +7.03224e-06  +6.67432e-06  +7.15579e-06
+6.98000e+04  +6.42735e-06  +6.88047e-06  +6.53787e-06  +7.00097e-06
+7.02000e+04  +6.28887e-06  +6.72907e-06  +6.39667e-06  +6.84656e-06
+7.06000e+04  +6.17848e-06  +6.58832e-06  +6.28405e-06  +6.70301e-06
+7.10000e+04  +6.07101e-06  +6.44352e-06  +6.17444e-06  +6.55536e-06
+7.14000e+04  +5.96920e-06  +6.30633e-06  +6.07057e-06  +6.41546e-06
+7.18000e+04  +5.87031e-06  +6.16739e-06  +5.96970e-06  +6.27381e-06
+7.22000e+04  +5.77211e-06  +6.03634e-06  +5.86955e-06  +6.14020e-06
+7.26000e+04  +5.67120e-06  +5.90577e-06  +5.76665e-06  +6.00709e-06
+7.30000e+04  +5.57559e-06  +5.78109e-06  +5.66916e-06  +5.87999e-06
+7.34000e+04  +5.48160e-06  +5.65684e-06  +5.57332e-06  +5.75334e-06
+7.38000e+04  +5.39228e-06  +5.53942e-06  +5.48224e-06  +5.63366e-06
+7.42000e+04  +5.31059e-06  +5.41678e-06  +5.39893e-06  +5.50868e-06
+7.46000e+04  +5.21404e-06  +5.28273e-06  +5.30053e-06  +5.37213e-06
+7.50000e+04  +5.12042e-06  +5.17590e-06  +5.20511e-06  +5.26324e-06
+7.54000e+04  +5.04561e-06  +5.08485e-06  +5.12884e-06  +5.17040e-06
+7.58000e+04  +4.96463e-06  +4.98436e-06  +5.04629e-06  +5.06799e-06
+7.62000e+04  +4.88435e-06  +4.88227e-06  +4.96447e-06  +4.96397e-06
+7.66000e+04  +4.80539e-06  +4.78166e-06  +4.88399e-06  +4.86147e-06
+7.70000e+04  +4.72786e-06  +4.68341e-06  +4.80498e-06  +4.76138e-06
+7.74000e+04  +4.65260e-06  +4.58876e-06  +4.72829e-06  +4.66495e-06
+7.78000e+04  +4.57927e-06  +4.49710e-06  +4.65356e-06  +4.57158e-06
+7.82000e+04  +4.50590e-06  +4.40575e-06  +4.57881e-06  +4.47853e-06
+7.86000e+04  +4.43522e-06  +4.31794e-06  +4.50679e-06  +4.38908e-06
+7.90000e+04  +4.36556e-06  +4.23205e-06  +4.43583e-06  +4.30160e-06
+7.94000e+04  +4.29671e-06  +4.14781e-06  +4.36569e-06  +4.21581e-06
+7.98000e+04  +4.23020e-06  +4.06627e-06  +4.29794e-06  +4.13277e-06
+8.02000e+04  +4.16415e-06  +3.98446e-06  +4.23066e-06  +4.04946e-06
+8.06000e+04  +4.09921e-06  +3.90634e-06  +4.16451e-06  +3.96991e-06
+8.10000e+04  +4.03595e-06  +3.83194e-06  +4.10008e-06  +3.89415e-06
+8.14000e+04  +3.97220e-06  +3.75626e-06  +4.03516e-06  +3.81708e-06
+8.18000e+04  +3.91197e-06  +3.68559e-06  +3.97382e-06  +3.74513e-06
+8.22000e+04  +3.85338e-06  +3.61518e-06  +3.91416e-06  +3.67344e-06
+8.26000e+04  +3.79353e-06  +3.54622e-06  +3.85322e-06  +3.60325e-06
+8.30000e+04  +3.73432e-06  +3.47841e-06  +3.79293e-06  +3.53421e-06
+8.34000e+04  +3.67640e-06  +3.41144e-06  +3.73396e-06  +3.46604e-06
+8.38000e+04  +3.62033e-06  +3.34708e-06  +3.67688e-06  +3.40053e-06
+8.42000e+04  +3.56610e-06  +3.28588e-06  +3.62166e-06  +3.33823e-06
+8.46000e+04  +3.51108e-06  +3.22374e-06  +3.56566e-06  +3.27498e-06
+8.50000e+04  +3.45772e-06  +3.16416e-06  +3.51135e-06  +3.21434e-06
+8.54000e+04  +3.40544e-06  +3.10579e-06  +3.45813e-06  +3.15493e-06
+8.58000e+04  +3.35452e-06  +3.04917e-06  +3.40630e-06  +3.09731e-06
+8.62000e+04  +3.30977e-06  +2.99301e-06  +3.36075e-06  +3.04015e-06
+8.66000e+04  +3.25832e-06  +2.93894e-06  +3.30839e-06  +2.98514e-06
+8.70000e+04  +3.20636e-06  +2.88602e-06  +3.25552e-06  +2.93129e-06
+8.74000e+04  +3.15747e-06  +2.83414e-06  +3.20577e-06  +2.87849e-06
+8.78000e+04  +3.10760e-06  +2.78265e-06  +3.15503e-06  +2.82610e-06
+8.82000e+04  +3.06073e-06  +2.73303e-06  +3.10734e-06  +2.77562e-06
+8.86000e+04  +3.01466e-06  +2.68432e-06  +3.06047e-06  +2.72605e-06
+8.90000e+04  +2.96876e-06  +2.63627e-06  +3.01378e-06  +2.67718e-06
+8.94000e+04  +2.92432e-06  +2.59046e-06  +2.96856e-06  +2.63057e-06
+8.98000e+04  +2.87888e-06  +2.54367e-06  +2.92234e-06  +2.58297e-06
+9.02000e+04  +2.83610e-06  +2.50062e-06  +2.87882e-06  +2.53917e-06
+9.06000e+04  +2.79453e-06  +2.45750e-06  +2.83653e-06  +2.49531e-06
+9.10000e+04  +2.75131e-06  +2.41275e-06  +2.79258e-06  +2.44979e-06
+9.14000e+04  +2.70946e-06  +2.37254e-06  +2.75002e-06  +2.40890e-06
+9.18000e+04  +2.66763e-06  +2.33242e-06  +2.70747e-06  +2.36809e-06
+9.22000e+04  +2.62768e-06  +2.29351e-06  +2.66684e-06  +2.32851e-06
+9.26000e+04  +2.58754e-06  +2.25406e-06  +2.62603e-06  +2.28839e-06
+9.30000e+04  +2.54734e-06  +2.21572e-06  +2.58515e-06  +2.24940e-06
+9.34000e+04  +2.50796e-06  +2.17840e-06  +2.54512e-06  +2.21144e-06
+9.38000e+04  +2.46943e-06  +2.14226e-06  +2.50594e-06  +2.17470e-06
+9.42000e+04  +2.43096e-06  +2.10652e-06  +2.46683e-06  +2.13835e-06
+9.46000e+04  +2.39278e-06  +2.07102e-06  +2.42801e-06  +2.10226e-06
+9.50000e+04  +2.35600e-06  +2.03736e-06  +2.39063e-06  +2.06803e-06
+9.54000e+04  +2.31930e-06  +2.00397e-06  +2.35332e-06  +2.03407e-06
+9.58000e+04  +2.28288e-06  +1.97105e-06  +2.31630e-06  +2.00060e-06
+9.62000e+04  +2.24827e-06  +1.93915e-06  +2.28112e-06  +1.96817e-06
+9.66000e+04  +2.22550e-06  +1.90608e-06  +2.25795e-06  +1.93456e-06
+9.70000e+04  +2.19096e-06  +1.87479e-06  +2.22285e-06  +1.90275e-06
+9.74000e+04  +2.14992e-06  +1.84408e-06  +2.18115e-06  +1.87152e-06
+9.78000e+04  +2.11054e-06  +1.81646e-06  +2.14114e-06  +1.84344e-06
+9.82000e+04  +2.07432e-06  +1.78832e-06  +2.10434e-06  +1.81483e-06
+9.86000e+04  +2.04013e-06  +1.76014e-06  +2.06960e-06  +1.78618e-06
+9.90000e+04  +2.00686e-06  +1.73262e-06  +2.03580e-06  +1.75821e-06
+9.94000e+04  +1.97383e-06  +1.70525e-06  +2.00224e-06  +1.73038e-06
+9.98000e+04  +1.94127e-06  +1.67856e-06  +1.96916e-06  +1.70326e-06
+1.00200e+05  +1.90913e-06  +1.65242e-06  +1.93650e-06  +1.67668e-06
+2.00000e+05  +1.07134e-07  +1.08671e-07  +1.08322e-07  +1.09901e-07
+4.00000e+05  +7.48739e-09  +6.78688e-09  +7.55832e-09  +6.85264e-09
+6.00000e+05  +1.08991e-09  +1.36428e-09  +1.09965e-09  +1.37666e-09
+8.00000e+05  +3.98434e-10  +4.25185e-10  +4.01888e-10  +4.28939e-10
+1.00000e+06  +1.56354e-10  +1.73371e-10  +1.57684e-10  +1.74873e-10
+1.20000e+06  +9.80420e-11  +8.16897e-11  +9.88655e-11  +8.23920e-11
+1.40000e+06  +7.12840e-11  +4.50567e-11  +7.18773e-11  +4.54418e-11
+1.60000e+06  +5.78825e-11  +2.75963e-11  +5.83609e-11  +2.78323e-11
