### Alberto Saldana-Lopez (UniGE)
# 2023/01/27 13:50:26
#
# --------------------------------------------------------------------------------
#    CDFS017345 - stellar continuum SED - ficus.py
# --------------------------------------------------------------------------------
# 
### inputs ### 
# spec_name   --> CDFS017345
# z_spec      --> 3.6052
# plot_mode   --> yes
# ssp_models  --> sb99
# Zarray      --> ['001', '004', '008', '02']
# att_law     --> r16
# wave_range  --> [1200. 1920.]
# wave_norm   --> [1350. 1370.]
# r_obs       --> 600.0
# nsim        --> 100
# 
### outputs ### 
# norm_factor --> 6.972483143908366e-19
# arrays      --> wave(A), Flux.OBS, Flux.ERR, Flux.FIT, Flux.FITerr 
# 
# 
# wave(A)     Flux.OBS      Flux.ERR      Flux.FIT      Flux.FITerr 
+1.20001e+03  +4.87266e-01  +2.15013e-01  +1.16206e+00  +1.99599e-02
+1.20057e+03  +6.42415e-01  +2.14162e-01  +1.14493e+00  +1.99621e-02
+1.20112e+03  +9.05557e-01  +2.12993e-01  +1.12358e+00  +2.22565e-02
+1.20168e+03  +6.39393e-01  +2.10758e-01  +1.09254e+00  +2.71019e-02
+1.20223e+03  +4.19763e-01  +2.12156e-01  +1.08504e+00  +2.74292e-02
+1.20279e+03  +6.18582e-01  +2.13082e-01  +1.11608e+00  +2.27585e-02
+1.20334e+03  +4.36694e-01  +2.14578e-01  +1.13859e+00  +2.16505e-02
+1.20389e+03  +7.73410e-01  +2.14876e-01  +1.14522e+00  +2.11515e-02
+1.20445e+03  +5.02762e-01  +2.13241e-01  +1.14556e+00  +2.03938e-02
+1.20500e+03  +6.19501e-01  +2.10126e-01  +1.14074e+00  +2.00331e-02
+1.20556e+03  +2.90274e-01  +2.07822e-01  +1.12127e+00  +2.09828e-02
+1.20611e+03  +6.49215e-01  +2.04502e-01  +1.07155e+00  +2.60597e-02
+1.20667e+03  +3.60115e-01  +2.03473e-01  +1.06092e+00  +2.92422e-02
+1.20722e+03  +1.59461e-01  +2.01658e-01  +1.10408e+00  +2.62589e-02
+1.20778e+03  +3.77511e-01  +2.02549e-01  +1.13077e+00  +2.36656e-02
+1.20833e+03  +5.52933e-01  +2.08371e-01  +1.13164e+00  +2.20565e-02
+1.20888e+03  +3.23336e-01  +2.16800e-01  +1.13189e+00  +2.15734e-02
+1.20944e+03  +2.81909e-02  +2.89170e-01  +1.13145e+00  +2.16641e-02
+1.20999e+03  +7.70974e-01  +4.45913e-01  +1.12439e+00  +2.14935e-02
+1.21055e+03  +3.52661e-01  +4.97818e-01  +1.11070e+00  +2.16659e-02
+1.21110e+03  +3.52526e-01  +4.91640e-01  +1.09542e+00  +2.12768e-02
+1.21166e+03  -4.61404e-02  +4.80315e-01  +1.09295e+00  +2.07452e-02
+1.21221e+03  +1.27223e-01  +3.90928e-01  +1.10136e+00  +2.05990e-02
+1.21276e+03  +2.47784e-01  +2.30528e-01  +1.09916e+00  +2.10151e-02
+1.21332e+03  +1.31304e-01  +1.91163e-01  +1.08875e+00  +2.14607e-02
+1.21387e+03  +2.82098e-01  +1.89759e-01  +1.07882e+00  +2.18969e-02
+1.21443e+03  +4.42550e-01  +1.89394e-01  +1.04157e+00  +2.26908e-02
+1.21498e+03  +6.73816e-01  +1.89135e-01  +9.39378e-01  +2.83397e-02
+1.21554e+03  +3.25483e+00  +1.93337e-01  +8.68185e-01  +3.99487e-02
+1.21609e+03  +8.51301e+00  +1.98553e-01  +9.59750e-01  +4.01529e-02
+1.21665e+03  +1.21507e+01  +2.02540e-01  +1.06248e+00  +3.15039e-02
+1.21720e+03  +1.30681e+01  +2.05580e-01  +1.07963e+00  +2.72382e-02
+1.21775e+03  +1.12575e+01  +2.05046e-01  +1.07366e+00  +2.61059e-02
+1.21831e+03  +8.08053e+00  +2.01269e-01  +1.07669e+00  +2.48460e-02
+1.21886e+03  +5.27974e+00  +1.98505e-01  +1.08903e+00  +2.36254e-02
+1.21942e+03  +3.28117e+00  +1.96444e-01  +1.10443e+00  +2.26216e-02
+1.21997e+03  +1.81462e+00  +1.95765e-01  +1.09751e+00  +2.21075e-02
+1.22053e+03  +1.48774e+00  +1.94628e-01  +1.07300e+00  +2.23376e-02
+1.22108e+03  +1.03821e+00  +1.93047e-01  +1.05216e+00  +2.38316e-02
+1.22163e+03  +1.25433e+00  +1.90907e-01  +1.06368e+00  +2.36959e-02
+1.22219e+03  +1.25376e+00  +1.89309e-01  +1.07975e+00  +2.16337e-02
+1.22274e+03  +9.34748e-01  +1.87612e-01  +1.06641e+00  +2.12861e-02
+1.22330e+03  +1.20211e+00  +1.87074e-01  +1.05442e+00  +2.28200e-02
+1.22385e+03  +9.23042e-01  +1.86622e-01  +1.07047e+00  +2.25919e-02
+1.22441e+03  +1.04840e+00  +1.86599e-01  +1.10595e+00  +2.04623e-02
+1.22496e+03  +1.06238e+00  +1.88083e-01  +1.12079e+00  +2.09600e-02
+1.22552e+03  +1.17241e+00  +1.87384e-01  +1.11029e+00  +2.33791e-02
+1.22607e+03  +9.68628e-01  +1.87895e-01  +1.09817e+00  +2.80326e-02
+1.22662e+03  +1.22506e+00  +1.86888e-01  +1.09301e+00  +3.42824e-02
+1.22718e+03  +9.25689e-01  +1.86854e-01  +1.07072e+00  +4.38247e-02
+1.22773e+03  +8.11170e-01  +1.84534e-01  +1.03325e+00  +5.57036e-02
+1.22829e+03  +7.22891e-01  +1.85513e-01  +9.93770e-01  +6.69243e-02
+1.22884e+03  +1.02320e+00  +1.85068e-01  +9.64561e-01  +7.29504e-02
+1.22940e+03  +9.09949e-01  +1.84167e-01  +9.35905e-01  +7.32885e-02
+1.22995e+03  +9.15277e-01  +1.85738e-01  +9.07367e-01  +7.03715e-02
+1.23050e+03  +1.06932e+00  +1.85509e-01  +8.88159e-01  +6.67878e-02
+1.23106e+03  +1.19496e+00  +1.86474e-01  +8.83512e-01  +6.46250e-02
+1.23161e+03  +7.74594e-01  +1.87364e-01  +8.78209e-01  +6.32355e-02
+1.23217e+03  +7.51218e-01  +1.88110e-01  +8.63854e-01  +6.12357e-02
+1.23272e+03  +9.46049e-01  +1.88312e-01  +8.47110e-01  +5.75396e-02
+1.23328e+03  +8.23201e-01  +1.90285e-01  +8.34713e-01  +5.19210e-02
+1.23383e+03  +1.31643e+00  +1.91096e-01  +8.27898e-01  +4.69510e-02
+1.23439e+03  +6.88551e-01  +1.92665e-01  +8.22349e-01  +4.38739e-02
+1.23494e+03  +1.08879e+00  +1.94274e-01  +8.15843e-01  +4.23826e-02
+1.23549e+03  +8.76242e-01  +1.95079e-01  +8.07316e-01  +4.13654e-02
+1.23605e+03  +1.02090e+00  +1.96377e-01  +7.98171e-01  +4.01397e-02
+1.23660e+03  +9.60889e-01  +1.96333e-01  +7.96448e-01  +4.02083e-02
+1.23716e+03  +6.84051e-01  +1.96354e-01  +8.09491e-01  +4.04654e-02
+1.23771e+03  +8.91771e-01  +1.97542e-01  +8.40674e-01  +3.70791e-02
+1.23827e+03  +7.25693e-01  +1.98357e-01  +8.87768e-01  +3.10600e-02
+1.23882e+03  +9.94034e-01  +2.00094e-01  +9.56623e-01  +2.76971e-02
+1.23937e+03  +6.17010e-01  +2.00468e-01  +1.02155e+00  +2.97559e-02
+1.23993e+03  +9.60891e-01  +2.01821e-01  +1.03641e+00  +3.41359e-02
+1.24048e+03  +9.73652e-01  +2.02956e-01  +1.02719e+00  +3.96770e-02
+1.24104e+03  +1.18354e+00  +2.04085e-01  +1.02860e+00  +4.25743e-02
+1.24159e+03  +9.18301e-01  +2.06174e-01  +1.06081e+00  +3.66951e-02
+1.24215e+03  +9.47873e-01  +2.07440e-01  +1.14241e+00  +2.64033e-02
+1.24270e+03  +1.03031e+00  +2.07864e-01  +1.27437e+00  +2.56613e-02
+1.24326e+03  +1.09607e+00  +2.08031e-01  +1.38161e+00  +3.30219e-02
+1.24381e+03  +8.96215e-01  +2.06521e-01  +1.39535e+00  +3.42995e-02
+1.24436e+03  +1.09104e+00  +2.05114e-01  +1.35725e+00  +3.21286e-02
+1.24492e+03  +1.24667e+00  +2.03748e-01  +1.31068e+00  +2.93650e-02
+1.24547e+03  +1.14312e+00  +2.02017e-01  +1.26836e+00  +2.67722e-02
+1.24603e+03  +1.30361e+00  +2.01057e-01  +1.22892e+00  +2.46985e-02
+1.24658e+03  +1.23397e+00  +1.98561e-01  +1.17709e+00  +2.36920e-02
+1.24714e+03  +1.23153e+00  +1.96539e-01  +1.10650e+00  +2.60007e-02
+1.24769e+03  +1.18732e+00  +1.96123e-01  +1.07064e+00  +2.56886e-02
+1.24824e+03  +1.15518e+00  +1.95457e-01  +1.10072e+00  +1.91420e-02
+1.24880e+03  +1.25027e+00  +1.94772e-01  +1.14395e+00  +1.63772e-02
+1.24935e+03  +1.43589e+00  +1.93711e-01  +1.15359e+00  +1.62983e-02
+1.24991e+03  +1.24747e+00  +1.91543e-01  +1.13663e+00  +1.57777e-02
+1.25046e+03  +1.02263e+00  +1.90393e-01  +1.11461e+00  +1.53751e-02
+1.25102e+03  +8.89670e-01  +1.89259e-01  +1.11378e+00  +1.48953e-02
+1.25157e+03  +5.03609e-01  +1.87120e-01  +1.12364e+00  +1.49211e-02
+1.25213e+03  +5.63675e-01  +1.86473e-01  +1.12262e+00  +1.55438e-02
+1.25268e+03  +4.10200e-01  +1.84627e-01  +1.10893e+00  +1.68045e-02
+1.25323e+03  +6.48589e-01  +1.83661e-01  +1.08736e+00  +1.84717e-02
+1.25379e+03  +6.59109e-01  +1.81821e-01  +1.07966e+00  +1.81924e-02
+1.25434e+03  +2.86995e-01  +1.81056e-01  +1.09014e+00  +1.56911e-02
+1.25490e+03  +4.97801e-01  +1.79745e-01  +1.09088e+00  +1.46499e-02
+1.25545e+03  +1.07472e+00  +1.78904e-01  +1.09348e+00  +1.43556e-02
+1.25601e+03  +9.96496e-01  +1.79690e-01  +1.10119e+00  +1.42241e-02
+1.25656e+03  +1.26114e+00  +1.79512e-01  +1.09956e+00  +1.43102e-02
+1.25711e+03  +9.21280e-01  +1.80049e-01  +1.10025e+00  +1.43737e-02
+1.25767e+03  +1.00701e+00  +1.80887e-01  +1.09873e+00  +1.47669e-02
+1.25822e+03  +7.92705e-01  +1.81569e-01  +1.08572e+00  +1.63468e-02
+1.25878e+03  +6.72681e-01  +1.82744e-01  +1.07610e+00  +1.73113e-02
+1.25933e+03  +5.30979e-01  +1.83547e-01  +1.08916e+00  +1.59028e-02
+1.25989e+03  +6.44542e-01  +1.85439e-01  +1.10496e+00  +1.58440e-02
+1.26044e+03  +3.92579e-01  +1.86711e-01  +1.10839e+00  +1.66655e-02
+1.26100e+03  +8.37773e-01  +1.88799e-01  +1.10880e+00  +1.67466e-02
+1.26155e+03  +1.10300e+00  +1.91056e-01  +1.11091e+00  +1.59168e-02
+1.26210e+03  +1.05619e+00  +1.93540e-01  +1.11533e+00  +1.54415e-02
+1.26266e+03  +1.39699e+00  +1.96247e-01  +1.12011e+00  +1.55970e-02
+1.26321e+03  +1.19168e+00  +2.02302e-01  +1.12056e+00  +1.57148e-02
+1.26377e+03  +8.25207e-01  +2.07317e-01  +1.11687e+00  +1.57124e-02
+1.26432e+03  +1.17918e+00  +2.11281e-01  +1.11022e+00  +1.55645e-02
+1.26488e+03  +1.12790e+00  +2.14829e-01  +1.10018e+00  +1.51843e-02
+1.26543e+03  +1.47088e+00  +2.19398e-01  +1.08397e+00  +1.54325e-02
+1.26598e+03  +1.27058e+00  +2.27969e-01  +1.06963e+00  +1.61175e-02
+1.26654e+03  +8.93515e-01  +2.38740e-01  +1.07495e+00  +1.50829e-02
+1.26709e+03  +8.38302e-01  +2.48172e-01  +1.09125e+00  +1.38235e-02
+1.26765e+03  +9.72587e-01  +2.54131e-01  +1.10160e+00  +1.35771e-02
+1.26820e+03  +1.00446e+00  +2.56702e-01  +1.10294e+00  +1.35496e-02
+1.26876e+03  +1.02118e+00  +2.68258e-01  +1.09755e+00  +1.38322e-02
+1.26931e+03  +1.15596e+00  +2.75201e-01  +1.09222e+00  +1.37021e-02
+1.26987e+03  +8.53940e-01  +2.89316e-01  +1.08681e+00  +1.33919e-02
+1.27042e+03  +9.64110e-01  +3.11686e-01  +1.08188e+00  +1.38517e-02
+1.27097e+03  +8.19991e-01  +3.37342e-01  +1.08734e+00  +1.48364e-02
+1.27153e+03  +7.16808e-01  +3.49512e-01  +1.09513e+00  +1.60716e-02
+1.27208e+03  +1.05452e+00  +3.37470e-01  +1.09609e+00  +1.59094e-02
+1.27264e+03  +3.54216e-01  +3.49335e-01  +1.09421e+00  +1.42860e-02
+1.27319e+03  +6.22354e-01  +3.68113e-01  +1.08857e+00  +1.32442e-02
+1.27375e+03  +8.06027e-01  +3.67232e-01  +1.08859e+00  +1.30466e-02
+1.27430e+03  +3.58797e-01  +3.55068e-01  +1.09980e+00  +1.39446e-02
+1.27485e+03  +1.21916e+00  +3.63194e-01  +1.10876e+00  +1.51640e-02
+1.27541e+03  +1.08095e+00  +3.42478e-01  +1.10838e+00  +1.54951e-02
+1.27596e+03  +7.24285e-01  +3.10067e-01  +1.09889e+00  +1.58919e-02
+1.27652e+03  +9.62303e-01  +2.83479e-01  +1.08012e+00  +1.73294e-02
+1.27707e+03  +9.12887e-01  +2.66877e-01  +1.07153e+00  +1.81917e-02
+1.27763e+03  +1.02614e+00  +2.58500e-01  +1.07801e+00  +1.77898e-02
+1.27818e+03  +9.27649e-01  +2.48224e-01  +1.07679e+00  +1.66434e-02
+1.27874e+03  +6.70810e-01  +2.42003e-01  +1.07489e+00  +1.49015e-02
+1.27929e+03  +1.18725e+00  +2.48478e-01  +1.08562e+00  +1.36415e-02
+1.27984e+03  +1.00194e+00  +2.37114e-01  +1.09943e+00  +1.35909e-02
+1.28040e+03  +1.02745e+00  +2.10812e-01  +1.10315e+00  +1.43285e-02
+1.28095e+03  +9.76469e-01  +1.99339e-01  +1.09881e+00  +1.44657e-02
+1.28151e+03  +9.68832e-01  +1.84756e-01  +1.09210e+00  +1.44447e-02
+1.28206e+03  +8.54276e-01  +1.74958e-01  +1.09111e+00  +1.46470e-02
+1.28262e+03  +6.77767e-01  +1.74884e-01  +1.09323e+00  +1.43568e-02
+1.28317e+03  +4.06364e-01  +1.78992e-01  +1.08692e+00  +1.35760e-02
+1.28372e+03  +3.24741e-01  +1.80677e-01  +1.07135e+00  +1.42555e-02
+1.28428e+03  +6.13360e-01  +1.80356e-01  +1.06543e+00  +1.47184e-02
+1.28483e+03  +1.02029e+00  +1.81679e-01  +1.07592e+00  +1.41766e-02
+1.28539e+03  +8.01953e-01  +1.82471e-01  +1.07887e+00  +1.48895e-02
+1.28594e+03  +8.72835e-01  +1.80300e-01  +1.07426e+00  +1.54487e-02
+1.28650e+03  +1.14814e+00  +1.79642e-01  +1.07889e+00  +1.49044e-02
+1.28705e+03  +9.84318e-01  +1.85450e-01  +1.08425e+00  +1.35919e-02
+1.28761e+03  +1.07842e+00  +1.86422e-01  +1.08086e+00  +1.27455e-02
+1.28816e+03  +1.11013e+00  +1.84916e-01  +1.07810e+00  +1.25838e-02
+1.28871e+03  +9.59255e-01  +1.83240e-01  +1.08102e+00  +1.24222e-02
+1.28927e+03  +1.11166e+00  +1.80715e-01  +1.08494e+00  +1.22139e-02
+1.28982e+03  +1.14592e+00  +1.76571e-01  +1.08810e+00  +1.22730e-02
+1.29038e+03  +1.09222e+00  +1.75871e-01  +1.08367e+00  +1.18946e-02
+1.29093e+03  +9.51081e-01  +1.76567e-01  +1.06923e+00  +1.36406e-02
+1.29149e+03  +1.15195e+00  +1.79205e-01  +1.06322e+00  +1.48170e-02
+1.29204e+03  +1.14888e+00  +1.80166e-01  +1.07400e+00  +1.23161e-02
+1.29259e+03  +1.20831e+00  +1.78679e-01  +1.08199e+00  +1.20572e-02
+1.29315e+03  +9.91851e-01  +1.76159e-01  +1.07657e+00  +1.24655e-02
+1.29370e+03  +1.15451e+00  +1.73605e-01  +1.06065e+00  +1.29485e-02
+1.29426e+03  +1.21158e+00  +1.69884e-01  +1.03244e+00  +1.52845e-02
+1.29481e+03  +1.21379e+00  +1.68808e-01  +1.02432e+00  +1.55247e-02
+1.29537e+03  +1.00418e+00  +1.69638e-01  +1.03585e+00  +1.29481e-02
+1.29592e+03  +7.50132e-01  +1.69700e-01  +1.02843e+00  +1.26678e-02
+1.29648e+03  +9.16866e-01  +1.71058e-01  +1.01868e+00  +1.33568e-02
+1.29703e+03  +9.24348e-01  +1.73166e-01  +1.03464e+00  +1.24379e-02
+1.29758e+03  +9.11956e-01  +1.71604e-01  +1.05327e+00  +1.20793e-02
+1.29814e+03  +8.03851e-01  +1.69287e-01  +1.04430e+00  +1.17307e-02
+1.29869e+03  +9.83565e-01  +1.67442e-01  +1.01736e+00  +1.48627e-02
+1.29925e+03  +9.52793e-01  +1.63945e-01  +1.01890e+00  +1.40273e-02
+1.29980e+03  +9.28968e-01  +1.61371e-01  +1.04648e+00  +1.07588e-02
+1.30036e+03  +8.72210e-01  +1.59928e-01  +1.05558e+00  +1.06774e-02
+1.30091e+03  +8.72517e-01  +1.58598e-01  +1.05441e+00  +1.11837e-02
+1.30146e+03  +8.19204e-01  +1.57688e-01  +1.06371e+00  +1.14735e-02
+1.30202e+03  +8.15417e-01  +1.57043e-01  +1.07082e+00  +1.15992e-02
+1.30257e+03  +8.23114e-01  +1.56560e-01  +1.05346e+00  +1.17129e-02
+1.30313e+03  +7.81888e-01  +1.55649e-01  +1.02418e+00  +1.46845e-02
+1.30368e+03  +4.53591e-01  +1.53451e-01  +1.02680e+00  +1.45270e-02
+1.30424e+03  +8.37110e-01  +1.53113e-01  +1.05585e+00  +1.16905e-02
+1.30479e+03  +1.19820e+00  +1.51468e-01  +1.06186e+00  +1.06726e-02
+1.30535e+03  +1.14988e+00  +1.49628e-01  +1.04470e+00  +1.05267e-02
+1.30590e+03  +1.11267e+00  +1.50633e-01  +1.03207e+00  +1.07024e-02
+1.30645e+03  +1.03455e+00  +1.50086e-01  +1.03956e+00  +1.16149e-02
+1.30701e+03  +1.12303e+00  +1.50875e-01  +1.04840e+00  +1.28321e-02
+1.30756e+03  +8.99145e-01  +1.51237e-01  +1.05132e+00  +1.27768e-02
+1.30812e+03  +9.02324e-01  +1.51847e-01  +1.05516e+00  +1.15302e-02
+1.30867e+03  +1.01151e+00  +1.52863e-01  +1.05436e+00  +1.08130e-02
+1.30923e+03  +1.27941e+00  +1.54033e-01  +1.05566e+00  +1.07246e-02
+1.30978e+03  +8.14499e-01  +1.53257e-01  +1.05727e+00  +1.07460e-02
+1.31033e+03  +1.13585e+00  +1.53201e-01  +1.05627e+00  +1.07988e-02
+1.31089e+03  +9.84798e-01  +1.52474e-01  +1.05042e+00  +1.10158e-02
+1.31144e+03  +1.05510e+00  +1.52009e-01  +1.03933e+00  +1.08494e-02
+1.31200e+03  +1.00458e+00  +1.51592e-01  +1.03842e+00  +1.02099e-02
+1.31255e+03  +1.23088e+00  +1.52020e-01  +1.05017e+00  +1.05182e-02
+1.31311e+03  +1.03556e+00  +1.52205e-01  +1.06255e+00  +1.07105e-02
+1.31366e+03  +1.06354e+00  +1.52553e-01  +1.06540e+00  +1.12555e-02
+1.31422e+03  +8.75986e-01  +1.52961e-01  +1.06067e+00  +1.14476e-02
+1.31477e+03  +1.08196e+00  +1.54083e-01  +1.05712e+00  +1.14188e-02
+1.31532e+03  +1.11811e+00  +1.55291e-01  +1.05712e+00  +1.12263e-02
+1.31588e+03  +1.00738e+00  +1.55680e-01  +1.05758e+00  +1.10361e-02
+1.31643e+03  +1.16758e+00  +1.57396e-01  +1.06043e+00  +1.12075e-02
+1.31699e+03  +1.12746e+00  +1.57822e-01  +1.06290e+00  +1.16890e-02
+1.31754e+03  +1.12073e+00  +1.58237e-01  +1.05919e+00  +1.19180e-02
+1.31810e+03  +7.20436e-01  +1.57643e-01  +1.05036e+00  +1.13406e-02
+1.31865e+03  +1.03045e+00  +1.55913e-01  +1.04497e+00  +1.05765e-02
+1.31920e+03  +8.42582e-01  +1.54724e-01  +1.04419e+00  +1.03501e-02
+1.31976e+03  +9.63087e-01  +1.53128e-01  +1.04025e+00  +1.08162e-02
+1.32031e+03  +1.11156e+00  +1.52225e-01  +1.03124e+00  +1.21063e-02
+1.32087e+03  +1.04168e+00  +1.50502e-01  +1.02323e+00  +1.28840e-02
+1.32142e+03  +1.17371e+00  +1.49381e-01  +1.02691e+00  +1.27736e-02
+1.32198e+03  +1.04352e+00  +1.47971e-01  +1.04459e+00  +1.22785e-02
+1.32253e+03  +1.15644e+00  +1.47924e-01  +1.05531e+00  +1.15857e-02
+1.32309e+03  +1.27364e+00  +1.46573e-01  +1.05469e+00  +1.08425e-02
+1.32364e+03  +1.12022e+00  +1.46166e-01  +1.05091e+00  +1.04764e-02
+1.32419e+03  +1.05813e+00  +1.45800e-01  +1.04601e+00  +1.00924e-02
+1.32475e+03  +9.17339e-01  +1.45785e-01  +1.04403e+00  +9.88378e-03
+1.32530e+03  +1.03741e+00  +1.45114e-01  +1.04388e+00  +1.00290e-02
+1.32586e+03  +9.28503e-01  +1.43922e-01  +1.03977e+00  +1.01826e-02
+1.32641e+03  +9.72355e-01  +1.44273e-01  +1.03604e+00  +9.83906e-03
+1.32697e+03  +1.26927e+00  +1.42755e-01  +1.03623e+00  +9.83272e-03
+1.32752e+03  +9.78057e-01  +1.41777e-01  +1.04044e+00  +1.01536e-02
+1.32807e+03  +1.00655e+00  +1.40897e-01  +1.04584e+00  +1.03141e-02
+1.32863e+03  +1.08838e+00  +1.39047e-01  +1.04812e+00  +1.10234e-02
+1.32918e+03  +9.88599e-01  +1.37990e-01  +1.04693e+00  +1.11100e-02
+1.32974e+03  +1.06366e+00  +1.36876e-01  +1.04167e+00  +1.04113e-02
+1.33029e+03  +1.13522e+00  +1.35656e-01  +1.03140e+00  +1.03555e-02
+1.33085e+03  +1.08806e+00  +1.34918e-01  +1.01700e+00  +1.15929e-02
+1.33140e+03  +9.20175e-01  +1.33117e-01  +1.00706e+00  +1.20122e-02
+1.33196e+03  +1.02858e+00  +1.34428e-01  +1.01286e+00  +1.09000e-02
+1.33251e+03  +8.81907e-01  +1.33526e-01  +1.02817e+00  +1.03662e-02
+1.33306e+03  +4.80293e-01  +1.33754e-01  +1.03840e+00  +1.04414e-02
+1.33362e+03  +5.86579e-01  +1.32599e-01  +1.03017e+00  +1.12992e-02
+1.33417e+03  +6.36121e-01  +1.31055e-01  +1.00905e+00  +1.72494e-02
+1.33473e+03  +6.61646e-01  +1.29377e-01  +9.97086e-01  +2.08223e-02
+1.33528e+03  +8.49178e-01  +1.28883e-01  +9.94101e-01  +1.97023e-02
+1.33584e+03  +8.14974e-01  +1.29120e-01  +9.85754e-01  +1.85384e-02
+1.33639e+03  +1.24730e+00  +1.27675e-01  +9.88143e-01  +1.33325e-02
+1.33694e+03  +1.34802e+00  +1.27169e-01  +9.99937e-01  +1.13921e-02
+1.33750e+03  +1.18168e+00  +1.26278e-01  +9.97173e-01  +1.20058e-02
+1.33805e+03  +1.18644e+00  +1.25552e-01  +9.59591e-01  +1.27631e-02
+1.33861e+03  +7.29043e-01  +1.26200e-01  +9.30177e-01  +1.37148e-02
+1.33916e+03  +7.96998e-01  +1.27032e-01  +9.64676e-01  +1.21528e-02
+1.33972e+03  +6.15293e-01  +1.27211e-01  +1.00345e+00  +1.09318e-02
+1.34027e+03  +9.67604e-01  +1.27722e-01  +1.01926e+00  +1.09521e-02
+1.34083e+03  +6.85640e-01  +1.27058e-01  +1.02300e+00  +1.09202e-02
+1.34138e+03  +9.45285e-01  +1.24723e-01  +1.01914e+00  +1.04692e-02
+1.34193e+03  +1.08058e+00  +1.24343e-01  +1.00109e+00  +1.05125e-02
+1.34249e+03  +9.51015e-01  +1.24196e-01  +9.64924e-01  +1.02484e-02
+1.34304e+03  +8.63460e-01  +1.23934e-01  +9.18275e-01  +1.01745e-02
+1.34360e+03  +7.30845e-01  +1.24369e-01  +9.22240e-01  +1.23804e-02
+1.34415e+03  +1.16174e+00  +1.25377e-01  +9.79320e-01  +1.12200e-02
+1.34471e+03  +1.00979e+00  +1.25520e-01  +1.01362e+00  +9.80369e-03
+1.34526e+03  +9.66752e-01  +1.26836e-01  +1.01643e+00  +9.17292e-03
+1.34581e+03  +1.01629e+00  +1.29035e-01  +1.01683e+00  +9.24285e-03
+1.34637e+03  +1.03188e+00  +1.29535e-01  +1.02042e+00  +9.16768e-03
+1.34692e+03  +9.11035e-01  +1.29499e-01  +1.01730e+00  +8.74089e-03
+1.34748e+03  +9.94377e-01  +1.29571e-01  +1.01368e+00  +8.62322e-03
+1.34803e+03  +9.52586e-01  +1.28859e-01  +1.01841e+00  +8.97048e-03
+1.34859e+03  +8.74809e-01  +1.27063e-01  +1.02692e+00  +9.99679e-03
+1.34914e+03  +1.01924e+00  +1.26812e-01  +1.03073e+00  +1.10268e-02
+1.34970e+03  +8.03485e-01  +1.27997e-01  +1.02805e+00  +1.15527e-02
+1.35025e+03  +7.63732e-01  +1.28206e-01  +1.02081e+00  +1.16095e-02
+1.35080e+03  +1.06587e+00  +1.27363e-01  +1.00932e+00  +1.16958e-02
+1.35136e+03  +8.57156e-01  +1.26474e-01  +9.99453e-01  +1.17601e-02
+1.35191e+03  +1.06288e+00  +1.26629e-01  +1.00565e+00  +1.08114e-02
+1.35247e+03  +1.05721e+00  +1.29986e-01  +1.01817e+00  +9.82655e-03
+1.35302e+03  +1.10444e+00  +1.37176e-01  +1.02407e+00  +9.71781e-03
+1.35358e+03  +1.11593e+00  +1.40350e-01  +1.02554e+00  +9.74596e-03
+1.35413e+03  +9.54765e-01  +1.41777e-01  +1.02337e+00  +9.42026e-03
+1.35468e+03  +8.81578e-01  +1.41390e-01  +1.01737e+00  +8.88211e-03
+1.35524e+03  +8.67922e-01  +1.33311e-01  +1.00529e+00  +8.18529e-03
+1.35579e+03  +1.11980e+00  +1.27241e-01  +9.92020e-01  +8.23693e-03
+1.35635e+03  +8.95004e-01  +1.24473e-01  +9.84735e-01  +8.28252e-03
+1.35690e+03  +1.10156e+00  +1.22937e-01  +9.81280e-01  +7.93542e-03
+1.35746e+03  +1.07814e+00  +1.28827e-01  +9.82906e-01  +7.79650e-03
+1.35801e+03  +1.27194e+00  +1.35738e-01  +9.89047e-01  +8.19492e-03
+1.35857e+03  +1.15663e+00  +1.36184e-01  +9.91277e-01  +8.35275e-03
+1.35912e+03  +1.13852e+00  +1.38447e-01  +9.94265e-01  +7.98966e-03
+1.35967e+03  +9.48275e-01  +1.38464e-01  +1.00314e+00  +8.14615e-03
+1.36023e+03  +1.32362e+00  +1.31897e-01  +1.00934e+00  +9.05639e-03
+1.36078e+03  +9.10779e-01  +1.28232e-01  +1.00097e+00  +9.82193e-03
+1.36134e+03  +1.02406e+00  +1.28215e-01  +9.83484e-01  +1.04343e-02
+1.36189e+03  +9.70476e-01  +1.26348e-01  +9.75129e-01  +1.06938e-02
+1.36245e+03  +7.81643e-01  +1.25619e-01  +9.69024e-01  +1.11849e-02
+1.36300e+03  +9.17826e-01  +1.25382e-01  +9.52356e-01  +1.28870e-02
+1.36355e+03  +1.00541e+00  +1.27207e-01  +9.48660e-01  +1.54177e-02
+1.36411e+03  +1.17978e+00  +1.32892e-01  +9.57373e-01  +1.74591e-02
+1.36466e+03  +1.00679e+00  +1.34105e-01  +9.48241e-01  +1.87842e-02
+1.36522e+03  +9.33794e-01  +1.35872e-01  +9.25380e-01  +1.98087e-02
+1.36577e+03  +9.25077e-01  +1.39510e-01  +9.18539e-01  +2.14841e-02
+1.36633e+03  +1.03576e+00  +1.58004e-01  +9.24093e-01  +2.35865e-02
+1.36688e+03  +9.94591e-01  +2.08828e-01  +9.21687e-01  +2.52476e-02
+1.36744e+03  +7.64198e-01  +2.25746e-01  +9.11722e-01  +2.61764e-02
+1.36799e+03  +1.19810e+00  +2.28622e-01  +8.99853e-01  +2.63523e-02
+1.36854e+03  +9.26069e-01  +2.26246e-01  +8.88443e-01  +2.50120e-02
+1.36910e+03  +6.04006e-01  +1.97709e-01  +8.81631e-01  +2.24089e-02
+1.36965e+03  +8.36138e-01  +1.46302e-01  +8.85572e-01  +1.95664e-02
+1.37021e+03  +9.96158e-01  +1.35267e-01  +8.97623e-01  +1.74275e-02
+1.37076e+03  +1.02221e+00  +1.27186e-01  +9.17949e-01  +1.45796e-02
+1.37132e+03  +8.46687e-01  +1.25087e-01  +9.55540e-01  +1.13043e-02
+1.37187e+03  +8.13008e-01  +1.26423e-01  +1.00111e+00  +1.12421e-02
+1.37242e+03  +9.99718e-01  +1.27553e-01  +1.02136e+00  +1.23186e-02
+1.37298e+03  +1.29776e+00  +1.31649e-01  +1.00706e+00  +1.20210e-02
+1.37353e+03  +7.71178e-01  +1.34331e-01  +9.71532e-01  +1.12291e-02
+1.37409e+03  +8.12793e-01  +1.32807e-01  +9.48436e-01  +1.08343e-02
+1.37464e+03  +9.53054e-01  +1.31464e-01  +9.60844e-01  +9.27736e-03
+1.37520e+03  +9.73813e-01  +1.29187e-01  +9.80638e-01  +7.87966e-03
+1.37575e+03  +9.14839e-01  +1.23020e-01  +9.88346e-01  +7.25351e-03
+1.37631e+03  +1.10425e+00  +1.19307e-01  +9.86701e-01  +7.12204e-03
+1.37686e+03  +1.09513e+00  +1.20367e-01  +9.81507e-01  +7.64239e-03
+1.37741e+03  +8.86667e-01  +1.21943e-01  +9.73946e-01  +7.77493e-03
+1.37797e+03  +9.91894e-01  +1.22541e-01  +9.67742e-01  +7.06244e-03
+1.37852e+03  +1.13180e+00  +1.24363e-01  +9.64478e-01  +6.83073e-03
+1.37908e+03  +8.78172e-01  +1.28567e-01  +9.62716e-01  +7.47363e-03
+1.37963e+03  +9.44618e-01  +1.31084e-01  +9.61669e-01  +8.12555e-03
+1.38019e+03  +1.08326e+00  +1.39162e-01  +9.60110e-01  +7.54064e-03
+1.38074e+03  +9.93507e-01  +1.60606e-01  +9.62226e-01  +6.60899e-03
+1.38129e+03  +1.10512e+00  +1.63656e-01  +9.65587e-01  +6.92259e-03
+1.38185e+03  +8.43518e-01  +1.59600e-01  +9.73767e-01  +7.03801e-03
+1.38240e+03  +1.27339e+00  +1.55447e-01  +9.84123e-01  +7.87046e-03
+1.38296e+03  +1.15390e+00  +1.39187e-01  +9.85904e-01  +7.95924e-03
+1.38351e+03  +1.11498e+00  +1.20586e-01  +9.77309e-01  +7.39196e-03
+1.38407e+03  +1.06881e+00  +1.19095e-01  +9.69235e-01  +7.22771e-03
+1.38462e+03  +1.09966e+00  +1.19500e-01  +9.70914e-01  +7.12723e-03
+1.38518e+03  +9.48092e-01  +1.20553e-01  +9.70898e-01  +7.09040e-03
+1.38573e+03  +1.03261e+00  +1.22713e-01  +9.61190e-01  +8.62395e-03
+1.38628e+03  +8.48947e-01  +1.21766e-01  +9.53365e-01  +9.72274e-03
+1.38684e+03  +9.54424e-01  +1.19903e-01  +9.51703e-01  +9.56991e-03
+1.38739e+03  +9.40645e-01  +1.18833e-01  +9.49926e-01  +1.07385e-02
+1.38795e+03  +1.09778e+00  +1.16275e-01  +9.49990e-01  +1.26382e-02
+1.38850e+03  +1.26720e+00  +1.14515e-01  +9.52785e-01  +1.41616e-02
+1.38906e+03  +1.10311e+00  +1.14238e-01  +9.54164e-01  +1.56356e-02
+1.38961e+03  +1.16349e+00  +1.14255e-01  +9.50369e-01  +1.72167e-02
+1.39016e+03  +9.33329e-01  +1.13626e-01  +9.40929e-01  +1.81720e-02
+1.39072e+03  +8.09895e-01  +1.13511e-01  +9.30537e-01  +1.81936e-02
+1.39127e+03  +6.15567e-01  +1.13668e-01  +9.26722e-01  +1.72716e-02
+1.39183e+03  +7.02301e-01  +1.13546e-01  +9.27073e-01  +1.47983e-02
+1.39238e+03  +5.22771e-01  +1.14263e-01  +9.20100e-01  +1.12492e-02
+1.39294e+03  +4.01402e-01  +1.15592e-01  +8.95851e-01  +7.21296e-03
+1.39349e+03  +6.07404e-01  +1.15631e-01  +8.70524e-01  +8.56174e-03
+1.39404e+03  +6.05438e-01  +1.15235e-01  +8.86564e-01  +1.25784e-02
+1.39460e+03  +7.68992e-01  +1.14406e-01  +9.31187e-01  +1.34719e-02
+1.39515e+03  +9.92158e-01  +1.13037e-01  +9.56978e-01  +1.14549e-02
+1.39571e+03  +8.53085e-01  +1.12235e-01  +9.57742e-01  +8.26495e-03
+1.39626e+03  +1.05456e+00  +1.11810e-01  +9.50124e-01  +6.24636e-03
+1.39682e+03  +7.30649e-01  +1.11499e-01  +9.36667e-01  +8.41839e-03
+1.39737e+03  +8.61378e-01  +1.10802e-01  +9.14925e-01  +1.16310e-02
+1.39793e+03  +9.03131e-01  +1.10530e-01  +8.95249e-01  +1.45132e-02
+1.39848e+03  +8.47077e-01  +1.10162e-01  +8.93735e-01  +1.72850e-02
+1.39903e+03  +8.37522e-01  +1.10479e-01  +9.04512e-01  +1.94766e-02
+1.39959e+03  +8.07681e-01  +1.10793e-01  +9.03827e-01  +2.10814e-02
+1.40014e+03  +7.02983e-01  +1.11227e-01  +8.93163e-01  +2.15956e-02
+1.40070e+03  +5.98598e-01  +1.11662e-01  +8.92671e-01  +1.99346e-02
+1.40125e+03  +6.39857e-01  +1.11999e-01  +9.07074e-01  +1.51908e-02
+1.40181e+03  +5.60845e-01  +1.13178e-01  +9.12124e-01  +9.51071e-03
+1.40236e+03  +4.71523e-01  +1.16289e-01  +8.86823e-01  +9.60696e-03
+1.40291e+03  +6.06482e-01  +1.20445e-01  +8.69494e-01  +1.69542e-02
+1.40347e+03  +8.52534e-01  +1.22845e-01  +9.04642e-01  +1.80955e-02
+1.40402e+03  +8.65518e-01  +1.25987e-01  +9.50620e-01  +1.62186e-02
+1.40458e+03  +9.52377e-01  +1.24994e-01  +9.67918e-01  +1.44466e-02
+1.40513e+03  +9.88931e-01  +1.21487e-01  +9.65938e-01  +1.15738e-02
+1.40569e+03  +8.40295e-01  +1.18615e-01  +9.50457e-01  +8.38180e-03
+1.40624e+03  +9.32550e-01  +1.15293e-01  +9.19076e-01  +7.27400e-03
+1.40680e+03  +9.08819e-01  +1.11890e-01  +8.84935e-01  +8.81128e-03
+1.40735e+03  +9.90828e-01  +1.11283e-01  +8.83925e-01  +9.16935e-03
+1.40790e+03  +8.39225e-01  +1.10211e-01  +9.03091e-01  +7.61646e-03
+1.40846e+03  +9.10226e-01  +1.08982e-01  +8.87775e-01  +7.61415e-03
+1.40901e+03  +7.34242e-01  +1.10139e-01  +8.46146e-01  +1.05001e-02
+1.40957e+03  +8.61241e-01  +1.15980e-01  +8.38432e-01  +1.08824e-02
+1.41012e+03  +8.28125e-01  +1.22969e-01  +8.77085e-01  +7.58346e-03
+1.41068e+03  +9.56378e-01  +1.25467e-01  +9.16244e-01  +5.99808e-03
+1.41123e+03  +9.15976e-01  +1.26937e-01  +9.29777e-01  +5.87504e-03
+1.41178e+03  +6.29610e-01  +1.25306e-01  +9.33344e-01  +5.86632e-03
+1.41234e+03  +8.53218e-01  +1.19490e-01  +9.42718e-01  +6.17601e-03
+1.41289e+03  +9.02264e-01  +1.14141e-01  +9.50813e-01  +6.89966e-03
+1.41345e+03  +9.97215e-01  +1.12183e-01  +9.49370e-01  +6.75997e-03
+1.41400e+03  +9.84359e-01  +1.09490e-01  +9.37163e-01  +5.92924e-03
+1.41456e+03  +1.01960e+00  +1.09593e-01  +9.26449e-01  +6.49646e-03
+1.41511e+03  +1.17679e+00  +1.11644e-01  +9.29640e-01  +6.18197e-03
+1.41567e+03  +7.91887e-01  +1.12267e-01  +9.38527e-01  +6.41809e-03
+1.41622e+03  +8.39212e-01  +1.12024e-01  +9.43570e-01  +6.94055e-03
+1.41677e+03  +9.81475e-01  +1.13930e-01  +9.42088e-01  +7.40866e-03
+1.41733e+03  +7.35690e-01  +1.19366e-01  +9.37789e-01  +7.69829e-03
+1.41788e+03  +9.20950e-01  +1.20515e-01  +9.36010e-01  +6.98028e-03
+1.41844e+03  +1.04221e+00  +1.19378e-01  +9.35878e-01  +6.31202e-03
+1.41899e+03  +9.23553e-01  +1.20325e-01  +9.30351e-01  +5.90143e-03
+1.41955e+03  +9.67931e-01  +1.19385e-01  +9.08416e-01  +5.94780e-03
+1.42010e+03  +9.00964e-01  +1.15109e-01  +8.81014e-01  +7.19608e-03
+1.42065e+03  +1.10677e+00  +1.13629e-01  +8.75049e-01  +7.49043e-03
+1.42121e+03  +1.08824e+00  +1.15603e-01  +8.89812e-01  +6.78043e-03
+1.42176e+03  +8.46651e-01  +1.21448e-01  +9.09797e-01  +5.99758e-03
+1.42232e+03  +8.28687e-01  +1.22402e-01  +9.21271e-01  +6.25268e-03
+1.42287e+03  +8.83297e-01  +1.21493e-01  +9.25745e-01  +6.80999e-03
+1.42343e+03  +8.23443e-01  +1.22560e-01  +9.26577e-01  +7.36996e-03
+1.42398e+03  +8.58789e-01  +1.24190e-01  +9.19592e-01  +7.81811e-03
+1.42454e+03  +9.09801e-01  +1.18304e-01  +9.16017e-01  +7.12306e-03
+1.42509e+03  +8.66766e-01  +1.17911e-01  +9.22465e-01  +5.71742e-03
+1.42564e+03  +8.64003e-01  +1.18601e-01  +9.21263e-01  +5.45214e-03
+1.42620e+03  +1.12000e+00  +1.16079e-01  +9.08798e-01  +5.84562e-03
+1.42675e+03  +1.06467e+00  +1.15822e-01  +8.94902e-01  +6.69384e-03
+1.42731e+03  +7.98483e-01  +1.18509e-01  +8.73597e-01  +8.68427e-03
+1.42786e+03  +9.49381e-01  +1.16621e-01  +8.54225e-01  +1.11129e-02
+1.42842e+03  +6.42152e-01  +1.16598e-01  +8.53906e-01  +1.11942e-02
+1.42897e+03  +9.34142e-01  +1.14225e-01  +8.69155e-01  +9.21414e-03
+1.42952e+03  +9.50326e-01  +1.08364e-01  +8.89242e-01  +6.51159e-03
+1.43008e+03  +1.02297e+00  +1.05999e-01  +8.97293e-01  +5.48942e-03
+1.43063e+03  +9.48965e-01  +1.05950e-01  +8.98492e-01  +5.99707e-03
+1.43119e+03  +8.55401e-01  +1.07319e-01  +9.08125e-01  +7.05628e-03
+1.43174e+03  +7.75233e-01  +1.07994e-01  +9.19016e-01  +7.85947e-03
+1.43230e+03  +9.72545e-01  +1.08858e-01  +9.24686e-01  +7.91077e-03
+1.43285e+03  +8.48918e-01  +1.11526e-01  +9.25626e-01  +7.09825e-03
+1.43341e+03  +9.28996e-01  +1.12905e-01  +9.23607e-01  +6.09955e-03
+1.43396e+03  +7.07182e-01  +1.10063e-01  +9.17407e-01  +5.52223e-03
+1.43451e+03  +9.79317e-01  +1.09735e-01  +9.07850e-01  +5.65455e-03
+1.43507e+03  +9.20797e-01  +1.07152e-01  +9.02137e-01  +5.87222e-03
+1.43562e+03  +8.99301e-01  +1.04244e-01  +9.05659e-01  +6.07645e-03
+1.43618e+03  +9.33149e-01  +1.03861e-01  +9.12859e-01  +6.45074e-03
+1.43673e+03  +9.71874e-01  +1.03519e-01  +9.14487e-01  +6.29462e-03
+1.43729e+03  +9.27027e-01  +1.03663e-01  +9.12371e-01  +5.94373e-03
+1.43784e+03  +9.33888e-01  +1.04432e-01  +9.12206e-01  +5.91100e-03
+1.43839e+03  +1.07379e+00  +1.04445e-01  +9.12212e-01  +5.74880e-03
+1.43895e+03  +7.10699e-01  +1.04776e-01  +9.08525e-01  +5.49595e-03
+1.43950e+03  +8.59008e-01  +1.06064e-01  +8.94999e-01  +5.23710e-03
+1.44006e+03  +9.19144e-01  +1.05816e-01  +8.72978e-01  +5.89728e-03
+1.44061e+03  +8.71738e-01  +1.05181e-01  +8.61193e-01  +6.94390e-03
+1.44117e+03  +7.91355e-01  +1.05101e-01  +8.74545e-01  +6.30109e-03
+1.44172e+03  +1.04299e+00  +1.03850e-01  +8.96320e-01  +5.63805e-03
+1.44228e+03  +9.69501e-01  +1.03001e-01  +9.04907e-01  +5.59216e-03
+1.44283e+03  +7.14250e-01  +1.02694e-01  +9.05112e-01  +5.73683e-03
+1.44338e+03  +8.79618e-01  +1.02534e-01  +9.07392e-01  +6.19402e-03
+1.44394e+03  +1.05292e+00  +1.02746e-01  +9.09278e-01  +6.15009e-03
+1.44449e+03  +9.86309e-01  +1.02461e-01  +9.04810e-01  +5.46249e-03
+1.44505e+03  +9.20862e-01  +1.03153e-01  +8.98995e-01  +5.33561e-03
+1.44560e+03  +1.04928e+00  +1.03231e-01  +8.98038e-01  +5.47161e-03
+1.44616e+03  +8.89921e-01  +1.03496e-01  +8.96170e-01  +5.65481e-03
+1.44671e+03  +1.06841e+00  +1.03855e-01  +8.90792e-01  +6.21055e-03
+1.44726e+03  +1.06727e+00  +1.03693e-01  +8.89118e-01  +6.76408e-03
+1.44782e+03  +9.46073e-01  +1.03288e-01  +8.93128e-01  +6.16190e-03
+1.44837e+03  +9.20871e-01  +1.02455e-01  +8.93553e-01  +6.13681e-03
+1.44893e+03  +9.32544e-01  +1.02072e-01  +8.86005e-01  +6.64341e-03
+1.44948e+03  +9.59904e-01  +1.01483e-01  +8.80827e-01  +7.00329e-03
+1.45004e+03  +1.04150e+00  +1.01350e-01  +8.85651e-01  +6.34147e-03
+1.45059e+03  +9.88584e-01  +1.01648e-01  +8.93811e-01  +5.96430e-03
+1.45115e+03  +8.29528e-01  +1.02114e-01  +8.96443e-01  +5.79172e-03
+1.45170e+03  +8.82749e-01  +1.01516e-01  +8.92903e-01  +5.75357e-03
+1.45225e+03  +9.32719e-01  +1.01021e-01  +8.84874e-01  +5.83404e-03
+1.45281e+03  +1.15466e+00  +1.01425e-01  +8.74155e-01  +5.95025e-03
+1.45336e+03  +9.36184e-01  +1.01848e-01  +8.59262e-01  +7.18302e-03
+1.45392e+03  +9.64881e-01  +1.02205e-01  +8.47527e-01  +7.98601e-03
+1.45447e+03  +9.68833e-01  +1.02228e-01  +8.44012e-01  +8.02790e-03
+1.45503e+03  +9.29996e-01  +1.02240e-01  +8.44855e-01  +7.83759e-03
+1.45558e+03  +7.13130e-01  +1.01885e-01  +8.47313e-01  +7.40816e-03
+1.45613e+03  +7.92035e-01  +1.01425e-01  +8.51930e-01  +6.64584e-03
+1.45669e+03  +7.28893e-01  +1.01332e-01  +8.57605e-01  +5.69271e-03
+1.45724e+03  +7.59381e-01  +1.01893e-01  +8.55866e-01  +5.58740e-03
+1.45780e+03  +8.29546e-01  +1.01690e-01  +8.51207e-01  +5.87982e-03
+1.45835e+03  +8.57256e-01  +1.01284e-01  +8.49657e-01  +6.17963e-03
+1.45891e+03  +8.59871e-01  +1.01287e-01  +8.46383e-01  +6.40692e-03
+1.45946e+03  +1.02002e+00  +1.00774e-01  +8.49342e-01  +5.82779e-03
+1.46002e+03  +8.03335e-01  +1.00522e-01  +8.56541e-01  +5.49219e-03
+1.46057e+03  +7.74072e-01  +1.00392e-01  +8.58377e-01  +6.06096e-03
+1.46112e+03  +8.42303e-01  +1.00049e-01  +8.63527e-01  +6.31777e-03
+1.46168e+03  +1.08164e+00  +1.00046e-01  +8.64446e-01  +5.94599e-03
+1.46223e+03  +1.07304e+00  +1.00444e-01  +8.52537e-01  +6.23058e-03
+1.46279e+03  +7.01626e-01  +1.00193e-01  +8.50273e-01  +6.79838e-03
+1.46334e+03  +8.18949e-01  +1.00007e-01  +8.62615e-01  +6.41563e-03
+1.46390e+03  +8.62144e-01  +1.00151e-01  +8.68495e-01  +6.04121e-03
+1.46445e+03  +9.39694e-01  +1.00244e-01  +8.63724e-01  +6.30342e-03
+1.46500e+03  +8.86842e-01  +9.93122e-02  +8.58721e-01  +6.58914e-03
+1.46556e+03  +9.91030e-01  +9.87886e-02  +8.61890e-01  +6.65537e-03
+1.46611e+03  +8.94870e-01  +9.85040e-02  +8.68110e-01  +7.00179e-03
+1.46667e+03  +7.06641e-01  +9.81031e-02  +8.72162e-01  +6.71809e-03
+1.46722e+03  +5.40880e-01  +9.81843e-02  +8.79201e-01  +5.39787e-03
+1.46778e+03  +4.41108e-01  +9.80438e-02  +8.86088e-01  +5.82478e-03
+1.46833e+03  +5.38226e-01  +9.80377e-02  +8.87365e-01  +6.33634e-03
+1.46889e+03  +4.76355e-01  +9.79487e-02  +8.81812e-01  +5.79618e-03
+1.46944e+03  +6.56180e-01  +9.79350e-02  +8.70896e-01  +6.05223e-03
+1.46999e+03  +8.58344e-01  +9.81624e-02  +8.62124e-01  +7.43023e-03
+1.47055e+03  +7.82407e-01  +9.77603e-02  +8.62106e-01  +6.66145e-03
+1.47110e+03  +1.03903e+00  +9.88699e-02  +8.61551e-01  +5.00318e-03
+1.47166e+03  +8.25891e-01  +9.85963e-02  +8.48822e-01  +5.66976e-03
+1.47221e+03  +9.83233e-01  +9.85299e-02  +8.33958e-01  +7.60309e-03
+1.47277e+03  +9.98362e-01  +9.86313e-02  +8.41153e-01  +7.22169e-03
+1.47332e+03  +9.59502e-01  +9.87426e-02  +8.64467e-01  +6.48209e-03
+1.47387e+03  +9.67574e-01  +9.89421e-02  +8.80503e-01  +7.17129e-03
+1.47443e+03  +9.64255e-01  +9.88850e-02  +8.81418e-01  +7.56542e-03
+1.47498e+03  +8.72900e-01  +9.84123e-02  +8.69824e-01  +7.30088e-03
+1.47554e+03  +1.05817e+00  +9.84312e-02  +8.60465e-01  +7.23633e-03
+1.47609e+03  +9.88627e-01  +9.86330e-02  +8.64533e-01  +7.00225e-03
+1.47665e+03  +9.45542e-01  +9.78220e-02  +8.71766e-01  +6.75068e-03
+1.47720e+03  +8.02481e-01  +9.79322e-02  +8.68403e-01  +6.20182e-03
+1.47776e+03  +9.62877e-01  +9.81163e-02  +8.57648e-01  +5.45986e-03
+1.47831e+03  +8.23622e-01  +9.74002e-02  +8.50687e-01  +5.24297e-03
+1.47886e+03  +7.67258e-01  +9.73770e-02  +8.47898e-01  +6.26739e-03
+1.47942e+03  +8.18606e-01  +9.73497e-02  +8.48025e-01  +7.71558e-03
+1.47997e+03  +9.47565e-01  +9.74637e-02  +8.58896e-01  +7.78208e-03
+1.48053e+03  +1.07546e+00  +9.86358e-02  +8.71140e-01  +7.57684e-03
+1.48108e+03  +1.04865e+00  +1.04276e-01  +8.75518e-01  +7.51224e-03
+1.48164e+03  +1.08612e+00  +1.17695e-01  +8.75622e-01  +7.66841e-03
+1.48219e+03  +9.15710e-01  +1.25961e-01  +8.73282e-01  +7.80517e-03
+1.48274e+03  +9.93480e-01  +1.35263e-01  +8.65954e-01  +7.22025e-03
+1.48330e+03  +5.35301e-01  +1.37895e-01  +8.57506e-01  +6.16070e-03
+1.48385e+03  +8.46271e-01  +1.31914e-01  +8.54865e-01  +5.54664e-03
+1.48441e+03  +9.96914e-01  +1.23281e-01  +8.57294e-01  +5.57731e-03
+1.48496e+03  +8.76575e-01  +1.15592e-01  +8.61689e-01  +6.19704e-03
+1.48552e+03  +7.47146e-01  +1.05949e-01  +8.63395e-01  +6.71308e-03
+1.48607e+03  +9.55115e-01  +1.03403e-01  +8.62564e-01  +6.64224e-03
+1.48663e+03  +9.04203e-01  +1.01619e-01  +8.63188e-01  +6.97921e-03
+1.48718e+03  +6.98798e-01  +9.87907e-02  +8.64004e-01  +7.47392e-03
+1.48773e+03  +8.04022e-01  +9.84723e-02  +8.62883e-01  +7.44128e-03
+1.48829e+03  +7.34337e-01  +1.00035e-01  +8.61439e-01  +7.16354e-03
+1.48884e+03  +9.91235e-01  +1.12997e-01  +8.54942e-01  +6.35103e-03
+1.48940e+03  +7.95920e-01  +1.29417e-01  +8.40751e-01  +5.56620e-03
+1.48995e+03  +9.19547e-01  +1.47233e-01  +8.31394e-01  +5.45605e-03
+1.49051e+03  +9.11991e-01  +1.55623e-01  +8.38107e-01  +5.37712e-03
+1.49106e+03  +7.56082e-01  +1.59532e-01  +8.51557e-01  +5.29598e-03
+1.49161e+03  +9.65959e-01  +1.40576e-01  +8.57938e-01  +5.25046e-03
+1.49217e+03  +8.55507e-01  +1.25206e-01  +8.57840e-01  +5.28053e-03
+1.49272e+03  +8.03005e-01  +1.23328e-01  +8.50230e-01  +5.15875e-03
+1.49328e+03  +8.49284e-01  +1.19308e-01  +8.34932e-01  +5.73029e-03
+1.49383e+03  +9.93696e-01  +1.17419e-01  +8.25575e-01  +6.47518e-03
+1.49439e+03  +8.75118e-01  +1.19819e-01  +8.26839e-01  +5.90028e-03
+1.49494e+03  +9.23293e-01  +1.24052e-01  +8.29114e-01  +5.54893e-03
+1.49550e+03  +6.75759e-01  +1.22734e-01  +8.33238e-01  +5.03090e-03
+1.49605e+03  +8.44206e-01  +1.22159e-01  +8.42554e-01  +4.66901e-03
+1.49660e+03  +1.03342e+00  +1.20337e-01  +8.45191e-01  +5.18123e-03
+1.49716e+03  +1.01093e+00  +1.20382e-01  +8.32975e-01  +4.95070e-03
+1.49771e+03  +7.89312e-01  +1.20179e-01  +8.13429e-01  +6.30852e-03
+1.49827e+03  +8.78364e-01  +1.19120e-01  +8.02546e-01  +8.40878e-03
+1.49882e+03  +8.49397e-01  +1.18514e-01  +8.03886e-01  +9.40353e-03
+1.49938e+03  +7.30354e-01  +1.18204e-01  +8.11865e-01  +9.08378e-03
+1.49993e+03  +9.47261e-01  +1.18151e-01  +8.18669e-01  +8.38945e-03
+1.50048e+03  +7.23924e-01  +1.14807e-01  +8.15993e-01  +7.14518e-03
+1.50104e+03  +8.98410e-01  +1.14791e-01  +7.99116e-01  +5.63523e-03
+1.50159e+03  +8.07095e-01  +1.18568e-01  +7.77933e-01  +5.12937e-03
+1.50215e+03  +9.70387e-01  +1.23941e-01  +7.82627e-01  +5.05479e-03
+1.50270e+03  +7.09787e-01  +1.22629e-01  +8.10904e-01  +4.80295e-03
+1.50326e+03  +8.79608e-01  +1.20531e-01  +8.28660e-01  +4.75593e-03
+1.50381e+03  +7.82454e-01  +1.20024e-01  +8.27515e-01  +5.40018e-03
+1.50437e+03  +8.36518e-01  +1.10855e-01  +8.19665e-01  +6.73731e-03
+1.50492e+03  +8.64538e-01  +1.02009e-01  +8.17266e-01  +7.25200e-03
+1.50547e+03  +8.52657e-01  +1.05682e-01  +8.21136e-01  +6.55045e-03
+1.50603e+03  +7.82295e-01  +1.07707e-01  +8.28123e-01  +5.36837e-03
+1.50658e+03  +8.60436e-01  +1.09144e-01  +8.36012e-01  +4.98591e-03
+1.50714e+03  +9.30628e-01  +1.13050e-01  +8.40796e-01  +5.53257e-03
+1.50769e+03  +1.14434e+00  +1.23293e-01  +8.41781e-01  +5.74406e-03
+1.50825e+03  +8.43160e-01  +1.23313e-01  +8.38632e-01  +5.31683e-03
+1.50880e+03  +7.40037e-01  +1.22686e-01  +8.34731e-01  +4.92712e-03
+1.50935e+03  +9.53059e-01  +1.21296e-01  +8.34843e-01  +4.99096e-03
+1.50991e+03  +8.26467e-01  +1.14072e-01  +8.35536e-01  +5.37735e-03
+1.51046e+03  +8.18546e-01  +1.01864e-01  +8.28468e-01  +5.14876e-03
+1.51102e+03  +6.69972e-01  +9.93939e-02  +8.14106e-01  +7.83632e-03
+1.51157e+03  +6.89176e-01  +1.00096e-01  +8.03942e-01  +1.17929e-02
+1.51213e+03  +7.38702e-01  +1.03190e-01  +7.99916e-01  +1.29106e-02
+1.51268e+03  +9.61375e-01  +1.05252e-01  +7.96956e-01  +1.28537e-02
+1.51324e+03  +8.07151e-01  +1.06376e-01  +8.00698e-01  +1.10865e-02
+1.51379e+03  +8.07307e-01  +1.11311e-01  +8.13629e-01  +7.14868e-03
+1.51434e+03  +1.04640e+00  +1.16032e-01  +8.25911e-01  +5.28363e-03
+1.51490e+03  +1.07034e+00  +1.13330e-01  +8.26120e-01  +5.19810e-03
+1.51545e+03  +9.27616e-01  +1.12426e-01  +8.17953e-01  +5.91474e-03
+1.51601e+03  +7.92001e-01  +1.10526e-01  +8.08894e-01  +6.62825e-03
+1.51656e+03  +8.50512e-01  +1.02406e-01  +8.05891e-01  +5.96007e-03
+1.51712e+03  +8.00191e-01  +9.74893e-02  +8.11836e-01  +4.85009e-03
+1.51767e+03  +8.12082e-01  +9.72325e-02  +8.19027e-01  +4.68006e-03
+1.51822e+03  +7.51689e-01  +9.76270e-02  +8.17287e-01  +4.94090e-03
+1.51878e+03  +7.73228e-01  +9.78370e-02  +8.10932e-01  +5.45014e-03
+1.51933e+03  +7.98456e-01  +9.96769e-02  +8.10704e-01  +6.25388e-03
+1.51989e+03  +7.98877e-01  +1.01439e-01  +8.11781e-01  +6.34933e-03
+1.52044e+03  +8.80482e-01  +1.01618e-01  +8.08439e-01  +5.96982e-03
+1.52100e+03  +8.40566e-01  +1.04626e-01  +8.10942e-01  +5.89823e-03
+1.52155e+03  +7.44716e-01  +1.06310e-01  +8.21470e-01  +6.37541e-03
+1.52211e+03  +1.01699e+00  +1.05033e-01  +8.28769e-01  +7.03559e-03
+1.52266e+03  +8.23660e-01  +1.03411e-01  +8.29052e-01  +6.70888e-03
+1.52321e+03  +7.97737e-01  +1.02668e-01  +8.23816e-01  +5.45091e-03
+1.52377e+03  +8.68124e-01  +9.78632e-02  +8.14424e-01  +4.95812e-03
+1.52432e+03  +6.72479e-01  +9.58426e-02  +7.98773e-01  +8.30682e-03
+1.52488e+03  +4.70715e-01  +9.59464e-02  +7.82494e-01  +1.31031e-02
+1.52543e+03  +4.87991e-01  +9.62209e-02  +7.76284e-01  +1.47621e-02
+1.52599e+03  +5.68315e-01  +9.63037e-02  +7.82970e-01  +1.25039e-02
+1.52654e+03  +5.64535e-01  +9.67169e-02  +7.89888e-01  +9.95947e-03
+1.52709e+03  +8.82892e-01  +9.74473e-02  +7.86603e-01  +9.76986e-03
+1.52765e+03  +7.50951e-01  +9.82000e-02  +7.82266e-01  +9.61088e-03
+1.52820e+03  +5.41250e-01  +9.91533e-02  +7.87058e-01  +7.47073e-03
+1.52876e+03  +8.08369e-01  +1.01854e-01  +7.96045e-01  +5.33209e-03
+1.52931e+03  +7.64339e-01  +1.05538e-01  +7.95374e-01  +5.18850e-03
+1.52987e+03  +7.26406e-01  +1.06775e-01  +7.81496e-01  +7.13431e-03
+1.53042e+03  +6.80478e-01  +1.06921e-01  +7.70846e-01  +1.05021e-02
+1.53098e+03  +8.93180e-01  +1.06395e-01  +7.67363e-01  +1.42710e-02
+1.53153e+03  +9.12084e-01  +1.03059e-01  +7.60238e-01  +1.69010e-02
+1.53208e+03  +5.93822e-01  +1.00560e-01  +7.46164e-01  +1.70650e-02
+1.53264e+03  +6.99324e-01  +9.95765e-02  +7.31731e-01  +1.59567e-02
+1.53319e+03  +7.22963e-01  +9.94259e-02  +7.32507e-01  +1.42825e-02
+1.53375e+03  +8.44541e-01  +1.00449e-01  +7.50494e-01  +1.46785e-02
+1.53430e+03  +1.12410e+00  +1.01016e-01  +7.64195e-01  +1.83709e-02
+1.53486e+03  +9.06560e-01  +1.00688e-01  +7.63799e-01  +2.16886e-02
+1.53541e+03  +8.41724e-01  +1.00278e-01  +7.56367e-01  +2.34070e-02
+1.53596e+03  +8.36983e-01  +1.00392e-01  +7.49110e-01  +2.42814e-02
+1.53652e+03  +8.57248e-01  +9.96835e-02  +7.39730e-01  +2.46900e-02
+1.53707e+03  +6.29506e-01  +9.99638e-02  +7.28744e-01  +2.48788e-02
+1.53763e+03  +6.41299e-01  +9.99457e-02  +7.21826e-01  +2.49737e-02
+1.53818e+03  +6.56635e-01  +1.00801e-01  +7.18633e-01  +2.48049e-02
+1.53874e+03  +7.82537e-01  +1.00900e-01  +7.14829e-01  +2.44832e-02
+1.53929e+03  +7.22351e-01  +9.95961e-02  +7.10812e-01  +2.41207e-02
+1.53985e+03  +7.35778e-01  +9.89136e-02  +7.06511e-01  +2.37377e-02
+1.54040e+03  +6.37385e-01  +9.72063e-02  +7.03665e-01  +2.31225e-02
+1.54095e+03  +7.60012e-01  +9.58643e-02  +7.02353e-01  +2.23304e-02
+1.54151e+03  +7.61172e-01  +9.54345e-02  +6.95629e-01  +2.25057e-02
+1.54206e+03  +7.60308e-01  +9.57193e-02  +6.83510e-01  +2.39436e-02
+1.54262e+03  +5.21740e-01  +9.58813e-02  +6.73649e-01  +2.52969e-02
+1.54317e+03  +5.90733e-01  +9.58895e-02  +6.63647e-01  +2.62654e-02
+1.54373e+03  +5.83063e-01  +9.60464e-02  +6.46235e-01  +2.79583e-02
+1.54428e+03  +5.41587e-01  +9.58944e-02  +6.27131e-01  +3.01316e-02
+1.54483e+03  +5.94483e-01  +9.60553e-02  +6.20372e-01  +3.16103e-02
+1.54539e+03  +3.55491e-01  +9.60401e-02  +6.29173e-01  +3.22204e-02
+1.54594e+03  +2.31118e-01  +9.59782e-02  +6.37980e-01  +3.26740e-02
+1.54650e+03  +2.77846e-01  +9.74471e-02  +6.39687e-01  +3.24934e-02
+1.54705e+03  +2.64370e-01  +9.75510e-02  +6.34870e-01  +3.03417e-02
+1.54761e+03  +2.94100e-01  +9.88388e-02  +6.32449e-01  +2.60397e-02
+1.54816e+03  +3.09142e-01  +9.93297e-02  +6.54265e-01  +2.25327e-02
+1.54872e+03  +4.67336e-01  +9.86974e-02  +6.98021e-01  +2.18294e-02
+1.54927e+03  +2.59302e-01  +9.88360e-02  +7.37085e-01  +2.12115e-02
+1.54982e+03  +4.04132e-01  +9.97820e-02  +7.55649e-01  +1.82545e-02
+1.55038e+03  +7.36572e-01  +1.01325e-01  +7.73592e-01  +1.66518e-02
+1.55093e+03  +7.75978e-01  +1.02746e-01  +8.09628e-01  +2.10210e-02
+1.55149e+03  +8.08320e-01  +1.03224e-01  +8.54549e-01  +2.51859e-02
+1.55204e+03  +9.82158e-01  +1.02600e-01  +8.76332e-01  +2.53270e-02
+1.55260e+03  +1.16798e+00  +1.00534e-01  +8.67047e-01  +2.25213e-02
+1.55315e+03  +1.03940e+00  +9.92039e-02  +8.49478e-01  +1.94353e-02
+1.55370e+03  +8.12227e-01  +9.94835e-02  +8.37263e-01  +1.72246e-02
+1.55426e+03  +8.32003e-01  +9.92098e-02  +8.28311e-01  +1.57049e-02
+1.55481e+03  +7.41037e-01  +1.00190e-01  +8.17150e-01  +1.46071e-02
+1.55537e+03  +9.37007e-01  +1.00337e-01  +8.07295e-01  +1.44689e-02
+1.55592e+03  +8.09600e-01  +1.00125e-01  +7.97656e-01  +1.53011e-02
+1.55648e+03  +7.68785e-01  +9.90687e-02  +7.85985e-01  +1.59904e-02
+1.55703e+03  +8.27484e-01  +9.93424e-02  +7.79769e-01  +1.34481e-02
+1.55759e+03  +7.01501e-01  +9.93340e-02  +7.82732e-01  +9.58096e-03
+1.55814e+03  +7.80255e-01  +9.95760e-02  +7.88427e-01  +7.98475e-03
+1.55869e+03  +8.25766e-01  +9.91050e-02  +7.86392e-01  +7.33524e-03
+1.55925e+03  +9.05254e-01  +9.74726e-02  +7.77165e-01  +7.50048e-03
+1.55980e+03  +7.78360e-01  +9.64730e-02  +7.64805e-01  +8.62616e-03
+1.56036e+03  +6.53455e-01  +9.54532e-02  +7.55461e-01  +9.49021e-03
+1.56091e+03  +8.01152e-01  +9.52963e-02  +7.52907e-01  +9.14888e-03
+1.56147e+03  +8.29472e-01  +9.43672e-02  +7.58406e-01  +7.64762e-03
+1.56202e+03  +7.16293e-01  +9.43138e-02  +7.67753e-01  +6.11896e-03
+1.56257e+03  +8.08670e-01  +9.43295e-02  +7.74658e-01  +5.37382e-03
+1.56313e+03  +7.28572e-01  +9.42996e-02  +7.72112e-01  +5.22806e-03
+1.56368e+03  +8.21704e-01  +9.41312e-02  +7.60845e-01  +5.87269e-03
+1.56424e+03  +8.11413e-01  +9.42700e-02  +7.49391e-01  +7.50287e-03
+1.56479e+03  +7.42772e-01  +9.45515e-02  +7.48438e-01  +7.76010e-03
+1.56535e+03  +7.50367e-01  +9.43615e-02  +7.48054e-01  +7.88855e-03
+1.56590e+03  +6.37959e-01  +9.45428e-02  +7.37419e-01  +9.85357e-03
+1.56646e+03  +8.20633e-01  +9.49445e-02  +7.28470e-01  +1.14111e-02
+1.56701e+03  +6.82395e-01  +9.58014e-02  +7.31155e-01  +1.01968e-02
+1.56756e+03  +7.32095e-01  +9.65086e-02  +7.32532e-01  +8.81601e-03
+1.56812e+03  +6.88906e-01  +9.74180e-02  +7.26035e-01  +9.33048e-03
+1.56867e+03  +7.28767e-01  +9.78419e-02  +7.29125e-01  +8.88954e-03
+1.56923e+03  +7.32365e-01  +9.80631e-02  +7.48386e-01  +6.07258e-03
+1.56978e+03  +7.46716e-01  +1.00133e-01  +7.63416e-01  +5.02147e-03
+1.57034e+03  +7.71550e-01  +1.12018e-01  +7.67757e-01  +5.14895e-03
+1.57089e+03  +5.67031e-01  +1.38317e-01  +7.67884e-01  +5.11702e-03
+1.57144e+03  +7.95601e-01  +1.56288e-01  +7.67159e-01  +5.46867e-03
+1.57200e+03  +2.86877e-01  +1.75168e-01  +7.66565e-01  +6.33280e-03
+1.57255e+03  +6.94617e-01  +1.81458e-01  +7.69140e-01  +7.02477e-03
+1.57311e+03  +4.33182e-01  +1.70099e-01  +7.72826e-01  +7.31670e-03
+1.57366e+03  +1.06858e+00  +1.54165e-01  +7.67871e-01  +6.61307e-03
+1.57422e+03  +5.83128e-01  +1.38601e-01  +7.47732e-01  +6.21269e-03
+1.57477e+03  +4.86255e-01  +1.17897e-01  +7.20457e-01  +9.48206e-03
+1.57533e+03  +6.29004e-01  +1.12191e-01  +7.08262e-01  +1.11203e-02
+1.57588e+03  +1.08831e+00  +1.09150e-01  +7.13317e-01  +9.59214e-03
+1.57643e+03  +7.63261e-01  +1.02870e-01  +7.21998e-01  +7.98122e-03
+1.57699e+03  +6.90545e-01  +1.01246e-01  +7.25662e-01  +7.69195e-03
+1.57754e+03  +6.84580e-01  +1.01722e-01  +7.29273e-01  +7.37747e-03
+1.57810e+03  +8.43360e-01  +1.11088e-01  +7.36704e-01  +6.29651e-03
+1.57865e+03  +8.27070e-01  +1.43433e-01  +7.43580e-01  +5.38859e-03
+1.57921e+03  +6.58203e-01  +1.60932e-01  +7.44416e-01  +5.51953e-03
+1.57976e+03  +1.13739e+00  +1.62796e-01  +7.43316e-01  +5.65723e-03
+1.58031e+03  +6.20640e-01  +1.69304e-01  +7.44643e-01  +5.13424e-03
+1.58087e+03  +6.30328e-01  +1.65042e-01  +7.46571e-01  +4.95953e-03
+1.58142e+03  +8.40672e-01  +1.37433e-01  +7.51344e-01  +4.97457e-03
+1.58198e+03  +1.04583e+00  +1.26732e-01  +7.56932e-01  +5.03629e-03
+1.58253e+03  +7.07066e-01  +1.22746e-01  +7.58161e-01  +4.94636e-03
+1.58309e+03  +7.40162e-01  +1.13067e-01  +7.53129e-01  +4.80404e-03
+1.58364e+03  +6.67879e-01  +1.07355e-01  +7.45247e-01  +5.10955e-03
+1.58420e+03  +7.38352e-01  +1.09527e-01  +7.36142e-01  +5.49056e-03
+1.58475e+03  +8.93322e-01  +1.17032e-01  +7.26838e-01  +6.03276e-03
+1.58530e+03  +6.11967e-01  +1.17435e-01  +7.21729e-01  +6.37477e-03
+1.58586e+03  +7.15146e-01  +1.14250e-01  +7.26064e-01  +5.69876e-03
+1.58641e+03  +9.21448e-01  +1.15708e-01  +7.38526e-01  +4.83736e-03
+1.58697e+03  +6.34270e-01  +1.21839e-01  +7.48286e-01  +4.89233e-03
+1.58752e+03  +8.34474e-01  +1.40996e-01  +7.52249e-01  +5.04681e-03
+1.58808e+03  +6.02610e-01  +1.46927e-01  +7.55201e-01  +5.29952e-03
+1.58863e+03  +5.38586e-01  +1.46230e-01  +7.57755e-01  +5.72310e-03
+1.58918e+03  +6.08810e-01  +1.43716e-01  +7.58380e-01  +6.24111e-03
+1.58974e+03  +5.49209e-01  +1.29751e-01  +7.57632e-01  +6.73222e-03
+1.59029e+03  +7.56560e-01  +1.19477e-01  +7.55405e-01  +6.66575e-03
+1.59085e+03  +8.43800e-01  +1.20249e-01  +7.47840e-01  +5.79563e-03
+1.59140e+03  +8.00008e-01  +1.21068e-01  +7.34781e-01  +5.42572e-03
+1.59196e+03  +8.65282e-01  +1.23518e-01  +7.27243e-01  +5.75751e-03
+1.59251e+03  +7.87658e-01  +1.39138e-01  +7.33695e-01  +5.42684e-03
+1.59307e+03  +9.74900e-01  +1.53891e-01  +7.42564e-01  +5.39646e-03
+1.59362e+03  +1.19392e+00  +1.56572e-01  +7.44166e-01  +5.26221e-03
+1.59417e+03  +8.14297e-01  +1.56842e-01  +7.40027e-01  +5.02195e-03
+1.59473e+03  +8.59924e-01  +1.51670e-01  +7.36640e-01  +5.07393e-03
+1.59528e+03  +8.24149e-01  +1.22498e-01  +7.38520e-01  +4.99020e-03
+1.59584e+03  +5.84227e-01  +1.03648e-01  +7.45569e-01  +5.32878e-03
+1.59639e+03  +7.95973e-01  +1.11196e-01  +7.50929e-01  +6.26428e-03
+1.59695e+03  +6.97926e-01  +1.21009e-01  +7.51752e-01  +6.64042e-03
+1.59750e+03  +7.75547e-01  +1.21881e-01  +7.49942e-01  +6.53473e-03
+1.59805e+03  +6.63193e-01  +1.22726e-01  +7.48313e-01  +6.51432e-03
+1.59861e+03  +6.89096e-01  +1.34757e-01  +7.47383e-01  +6.58580e-03
+1.59916e+03  +7.73743e-01  +1.46542e-01  +7.46571e-01  +6.40975e-03
+1.59972e+03  +8.14275e-01  +1.46191e-01  +7.43765e-01  +5.57135e-03
+1.60027e+03  +7.05715e-01  +1.46640e-01  +7.38398e-01  +4.87179e-03
+1.60083e+03  +1.43531e-01  +1.41770e-01  +7.30654e-01  +5.75989e-03
+1.60138e+03  +6.05830e-01  +1.21314e-01  +7.22525e-01  +6.92930e-03
+1.60193e+03  +6.93677e-01  +1.01235e-01  +7.16568e-01  +6.67625e-03
+1.60249e+03  +7.01169e-01  +9.79148e-02  +7.10987e-01  +5.62600e-03
+1.60304e+03  +6.88919e-01  +9.82014e-02  +7.06283e-01  +5.49732e-03
+1.60360e+03  +5.85577e-01  +1.03687e-01  +7.09532e-01  +5.42928e-03
+1.60415e+03  +4.38016e-01  +1.11766e-01  +7.16687e-01  +5.30830e-03
+1.60471e+03  +5.75073e-01  +1.12759e-01  +7.19514e-01  +5.28032e-03
+1.60526e+03  +4.10804e-01  +1.14532e-01  +7.23643e-01  +5.13288e-03
+1.60582e+03  +6.29258e-01  +1.25975e-01  +7.29961e-01  +5.00086e-03
+1.60637e+03  +4.80421e-01  +1.30499e-01  +7.31496e-01  +4.94185e-03
+1.60692e+03  +1.09815e-01  +1.26945e-01  +7.27210e-01  +5.16566e-03
+1.60748e+03  +3.00379e-01  +1.26729e-01  +7.19002e-01  +6.57299e-03
+1.60803e+03  +5.46443e-01  +1.22546e-01  +7.09184e-01  +7.41469e-03
+1.60859e+03  +6.41860e-01  +1.06448e-01  +6.95882e-01  +7.54755e-03
+1.60914e+03  +5.73581e-01  +9.70737e-02  +6.81462e-01  +8.58531e-03
+1.60970e+03  +7.63802e-01  +9.74022e-02  +6.74776e-01  +9.47077e-03
+1.61025e+03  +6.24325e-01  +9.69458e-02  +6.82215e-01  +8.71885e-03
+1.61080e+03  +6.09424e-01  +9.69620e-02  +6.99519e-01  +6.73086e-03
+1.61136e+03  +6.29853e-01  +9.63518e-02  +7.11419e-01  +5.59184e-03
+1.61191e+03  +5.03601e-01  +1.00559e-01  +7.13376e-01  +5.31636e-03
+1.61247e+03  +6.50213e-01  +1.03820e-01  +7.09084e-01  +5.71405e-03
+1.61302e+03  +7.40487e-01  +1.04657e-01  +7.03259e-01  +6.17031e-03
+1.61358e+03  +7.42259e-01  +1.09578e-01  +6.97067e-01  +6.37732e-03
+1.61413e+03  +7.32811e-01  +1.17921e-01  +6.94714e-01  +6.32338e-03
+1.61469e+03  +6.36045e-01  +1.15512e-01  +6.95203e-01  +6.30166e-03
+1.61524e+03  +6.44032e-01  +1.13277e-01  +6.94366e-01  +6.74371e-03
+1.61579e+03  +7.47712e-01  +1.12068e-01  +6.97892e-01  +6.71863e-03
+1.61635e+03  +8.74331e-01  +1.03473e-01  +7.08991e-01  +5.58931e-03
+1.61690e+03  +8.23101e-01  +9.61521e-02  +7.20127e-01  +5.41505e-03
+1.61746e+03  +6.96862e-01  +9.47736e-02  +7.23765e-01  +5.61055e-03
+1.61801e+03  +7.77603e-01  +9.52063e-02  +7.22304e-01  +5.31675e-03
+1.61857e+03  +8.24312e-01  +9.59245e-02  +7.20323e-01  +5.08426e-03
+1.61912e+03  +7.92614e-01  +9.81300e-02  +7.17484e-01  +5.00203e-03
+1.61967e+03  +7.00151e-01  +1.01734e-01  +7.08023e-01  +5.13140e-03
+1.62023e+03  +6.23004e-01  +1.04834e-01  +6.89043e-01  +6.46523e-03
+1.62078e+03  +6.45649e-01  +1.09026e-01  +6.67650e-01  +9.04085e-03
+1.62134e+03  +7.00401e-01  +1.15742e-01  +6.61902e-01  +9.82529e-03
+1.62189e+03  +8.26649e-01  +1.18705e-01  +6.76396e-01  +7.90954e-03
+1.62245e+03  +5.90148e-01  +1.19490e-01  +6.96335e-01  +5.86552e-03
+1.62300e+03  +7.04753e-01  +1.23683e-01  +7.02032e-01  +5.56155e-03
+1.62356e+03  +4.46095e-01  +1.26375e-01  +6.95735e-01  +6.06523e-03
+1.62411e+03  +5.51842e-01  +1.24711e-01  +6.88089e-01  +6.72120e-03
+1.62466e+03  +6.46937e-01  +1.21791e-01  +6.86711e-01  +6.63170e-03
+1.62522e+03  +7.53652e-01  +1.17318e-01  +6.91067e-01  +6.09086e-03
+1.62577e+03  +6.54055e-01  +1.11124e-01  +6.98244e-01  +5.63165e-03
+1.62633e+03  +6.58563e-01  +1.04384e-01  +7.02588e-01  +5.45722e-03
+1.62688e+03  +6.27603e-01  +1.00992e-01  +7.01130e-01  +5.55248e-03
+1.62744e+03  +5.71402e-01  +1.00436e-01  +6.95863e-01  +6.69101e-03
+1.62799e+03  +6.94599e-01  +1.00013e-01  +6.91426e-01  +8.26434e-03
+1.62854e+03  +5.81277e-01  +9.71064e-02  +6.88328e-01  +8.43035e-03
+1.62910e+03  +7.49188e-01  +9.58165e-02  +6.88091e-01  +7.28827e-03
+1.62965e+03  +5.81644e-01  +9.52902e-02  +6.93976e-01  +6.05533e-03
+1.63021e+03  +7.42717e-01  +9.50587e-02  +6.98648e-01  +5.74990e-03
+1.63076e+03  +6.18248e-01  +9.61325e-02  +6.93258e-01  +6.23768e-03
+1.63132e+03  +6.45690e-01  +9.88137e-02  +6.77285e-01  +8.45073e-03
+1.63187e+03  +7.83044e-01  +1.04077e-01  +6.67723e-01  +9.71539e-03
+1.63243e+03  +7.63184e-01  +1.23730e-01  +6.77524e-01  +7.61990e-03
+1.63298e+03  +9.93993e-01  +1.35684e-01  +6.98081e-01  +5.53450e-03
+1.63353e+03  +6.35938e-01  +1.37834e-01  +7.09516e-01  +5.90210e-03
+1.63409e+03  +8.88242e-01  +1.41527e-01  +7.10536e-01  +5.87355e-03
+1.63464e+03  +5.90867e-01  +1.34840e-01  +7.08748e-01  +5.58785e-03
+1.63520e+03  +8.18344e-01  +1.16290e-01  +7.09878e-01  +5.65781e-03
+1.63575e+03  +6.12341e-01  +1.08670e-01  +7.11819e-01  +5.91481e-03
+1.63631e+03  +8.44317e-01  +1.05123e-01  +7.11744e-01  +6.20263e-03
+1.63686e+03  +7.02828e-01  +1.00002e-01  +7.07070e-01  +6.37500e-03
+1.63741e+03  +5.96231e-01  +9.95406e-02  +6.97902e-01  +6.34087e-03
+1.63797e+03  +6.13507e-01  +9.85619e-02  +6.88454e-01  +6.28396e-03
+1.63852e+03  +7.32976e-01  +9.67314e-02  +6.81987e-01  +6.43087e-03
+1.63908e+03  +8.05622e-01  +9.64697e-02  +6.75120e-01  +7.32335e-03
+1.63963e+03  +8.17369e-01  +1.00787e-01  +6.65134e-01  +9.44392e-03
+1.64019e+03  +8.70757e-01  +1.03462e-01  +6.60794e-01  +1.20242e-02
+1.64074e+03  +8.91787e-01  +1.04615e-01  +6.72103e-01  +1.32498e-02
+1.64130e+03  +7.29866e-01  +1.04139e-01  +6.85384e-01  +1.22696e-02
+1.64185e+03  +8.25217e-01  +1.03970e-01  +6.90487e-01  +9.88133e-03
+1.64240e+03  +5.73183e-01  +1.06070e-01  +6.94309e-01  +8.26860e-03
+1.64296e+03  +6.14040e-01  +1.18711e-01  +7.01400e-01  +8.04921e-03
+1.64351e+03  +8.17147e-01  +1.25327e-01  +7.06298e-01  +8.33581e-03
+1.64407e+03  +7.53502e-01  +1.26493e-01  +7.05481e-01  +7.65994e-03
+1.64462e+03  +9.24636e-01  +1.23700e-01  +7.02081e-01  +6.56974e-03
+1.64518e+03  +8.68628e-01  +1.14926e-01  +7.00537e-01  +6.11918e-03
+1.64573e+03  +7.64347e-01  +1.04247e-01  +7.02022e-01  +6.60711e-03
+1.64628e+03  +6.96569e-01  +1.05001e-01  +7.03102e-01  +7.06853e-03
+1.64684e+03  +6.24215e-01  +1.05619e-01  +7.02586e-01  +6.91493e-03
+1.64739e+03  +4.57066e-01  +1.05237e-01  +7.02778e-01  +6.75180e-03
+1.64795e+03  +6.53186e-01  +1.04469e-01  +7.02758e-01  +6.55574e-03
+1.64850e+03  +9.23367e-01  +1.51338e-01  +7.00005e-01  +5.99085e-03
+1.64906e+03  +3.49331e-01  +1.83130e-01  +6.95971e-01  +5.48596e-03
+1.64961e+03  +6.42616e-01  +2.07222e-01  +6.93729e-01  +5.51638e-03
+1.65017e+03  +3.79417e-01  +2.32539e-01  +6.93885e-01  +5.74360e-03
+1.65072e+03  +1.75492e-01  +2.36192e-01  +6.94035e-01  +5.74770e-03
+1.65127e+03  +5.18265e-01  +2.13221e-01  +6.90641e-01  +5.39556e-03
+1.65183e+03  +5.66023e-01  +1.92988e-01  +6.81405e-01  +5.21459e-03
+1.65238e+03  +4.98354e-01  +1.72258e-01  +6.67644e-01  +5.94528e-03
+1.65294e+03  +4.53735e-01  +1.62854e-01  +6.55239e-01  +7.26707e-03
+1.65349e+03  +6.48225e-01  +1.55191e-01  +6.57705e-01  +6.97490e-03
+1.65405e+03  +6.45235e-01  +1.56340e-01  +6.71668e-01  +5.78007e-03
+1.65460e+03  +6.14712e-01  +1.62966e-01  +6.85477e-01  +6.15301e-03
+1.65515e+03  +9.90464e-01  +1.75016e-01  +6.93064e-01  +6.94489e-03
+1.65571e+03  +6.43384e-01  +1.79305e-01  +6.94533e-01  +6.66886e-03
+1.65626e+03  +7.81345e-01  +1.77962e-01  +6.91844e-01  +5.84504e-03
+1.65682e+03  +5.56721e-01  +1.75661e-01  +6.86750e-01  +5.33179e-03
+1.65737e+03  +5.56298e-01  +1.66205e-01  +6.81394e-01  +5.15518e-03
+1.65793e+03  +4.95351e-01  +1.50038e-01  +6.77374e-01  +5.37399e-03
+1.65848e+03  +6.86983e-01  +1.42340e-01  +6.75479e-01  +5.58385e-03
+1.65904e+03  +5.42974e-01  +1.35428e-01  +6.77149e-01  +5.39468e-03
+1.65959e+03  +6.89058e-01  +1.31125e-01  +6.82036e-01  +5.37434e-03
+1.66014e+03  +6.41509e-01  +1.27607e-01  +6.85284e-01  +5.87629e-03
+1.66070e+03  +7.77433e-01  +1.26231e-01  +6.82334e-01  +5.97810e-03
+1.66125e+03  +6.84754e-01  +1.22980e-01  +6.74617e-01  +5.82773e-03
+1.66181e+03  +8.40529e-01  +1.17820e-01  +6.70356e-01  +5.87907e-03
+1.66236e+03  +5.94930e-01  +1.20161e-01  +6.73548e-01  +5.84865e-03
+1.66292e+03  +8.15723e-01  +1.20107e-01  +6.82259e-01  +6.41994e-03
+1.66347e+03  +6.95839e-01  +1.16744e-01  +6.89358e-01  +7.40872e-03
+1.66402e+03  +5.90618e-01  +1.14541e-01  +6.91036e-01  +7.56449e-03
+1.66458e+03  +6.45147e-01  +1.10589e-01  +6.88890e-01  +7.01267e-03
+1.66513e+03  +8.30455e-01  +1.03721e-01  +6.87677e-01  +6.79078e-03
+1.66569e+03  +8.57765e-01  +9.90490e-02  +6.88725e-01  +7.05765e-03
+1.66624e+03  +9.24146e-01  +9.76829e-02  +6.89270e-01  +7.26072e-03
+1.66680e+03  +7.98837e-01  +9.70468e-02  +6.85430e-01  +6.67363e-03
+1.66735e+03  +6.66189e-01  +9.80269e-02  +6.76307e-01  +5.70297e-03
+1.66791e+03  +6.97909e-01  +9.86637e-02  +6.67056e-01  +5.63039e-03
+1.66846e+03  +9.86552e-01  +1.01252e-01  +6.63835e-01  +5.83083e-03
+1.66901e+03  +3.68861e-01  +1.02823e-01  +6.66063e-01  +5.65747e-03
+1.66957e+03  +5.28363e-01  +1.03236e-01  +6.65591e-01  +5.67923e-03
+1.67012e+03  +4.98929e-01  +1.03493e-01  +6.60862e-01  +5.97659e-03
+1.67068e+03  +4.13793e-01  +1.04781e-01  +6.54623e-01  +6.43015e-03
+1.67123e+03  +6.46210e-01  +1.05647e-01  +6.51598e-01  +6.72527e-03
+1.67179e+03  +7.53765e-01  +1.04011e-01  +6.51240e-01  +6.89748e-03
+1.67234e+03  +9.19171e-01  +1.02726e-01  +6.49571e-01  +7.18746e-03
+1.67289e+03  +5.09239e-01  +1.09796e-01  +6.46720e-01  +7.14528e-03
+1.67345e+03  +6.94750e-01  +1.35911e-01  +6.48147e-01  +6.56786e-03
+1.67400e+03  +7.65859e-01  +1.63962e-01  +6.56633e-01  +6.08768e-03
+1.67456e+03  +4.85742e-01  +1.87868e-01  +6.67175e-01  +6.34099e-03
+1.67511e+03  +1.01834e+00  +1.96134e-01  +6.70642e-01  +6.24061e-03
+1.67567e+03  +6.57243e-01  +1.89730e-01  +6.67790e-01  +5.61503e-03
+1.67622e+03  +7.29285e-01  +1.73045e-01  +6.62895e-01  +5.37483e-03
+1.67678e+03  +5.09180e-01  +1.50225e-01  +6.60235e-01  +5.52408e-03
+1.67733e+03  +6.38925e-01  +1.26305e-01  +6.63754e-01  +5.82349e-03
+1.67788e+03  +5.75759e-01  +1.20031e-01  +6.71779e-01  +6.79120e-03
+1.67844e+03  +7.09378e-01  +1.16048e-01  +6.78581e-01  +7.86575e-03
+1.67899e+03  +7.70026e-01  +1.08028e-01  +6.80831e-01  +8.29920e-03
+1.67955e+03  +7.11052e-01  +1.04371e-01  +6.80833e-01  +8.34011e-03
+1.68010e+03  +6.70869e-01  +1.04239e-01  +6.79333e-01  +7.93952e-03
+1.68066e+03  +5.50924e-01  +1.03258e-01  +6.75575e-01  +7.06162e-03
+1.68121e+03  +6.78658e-01  +1.18967e-01  +6.69448e-01  +6.13591e-03
+1.68176e+03  +6.55280e-01  +1.59181e-01  +6.64974e-01  +5.80081e-03
+1.68232e+03  +8.35384e-01  +1.74626e-01  +6.65960e-01  +6.00090e-03
+1.68287e+03  +9.96699e-01  +1.77083e-01  +6.70476e-01  +6.50786e-03
+1.68343e+03  +8.34176e-01  +1.81793e-01  +6.73218e-01  +6.80869e-03
+1.68398e+03  +7.77512e-01  +1.71751e-01  +6.73968e-01  +7.00587e-03
+1.68454e+03  +6.73761e-01  +1.41321e-01  +6.73385e-01  +7.20235e-03
+1.68509e+03  +7.84447e-01  +1.31117e-01  +6.69116e-01  +6.70569e-03
+1.68565e+03  +8.80761e-01  +1.28399e-01  +6.60191e-01  +5.75138e-03
+1.68620e+03  +6.06330e-01  +1.20747e-01  +6.49069e-01  +5.85292e-03
+1.68675e+03  +5.34397e-01  +1.22619e-01  +6.41703e-01  +6.63268e-03
+1.68731e+03  +5.96923e-01  +1.28166e-01  +6.43552e-01  +6.37381e-03
+1.68786e+03  +8.66634e-01  +1.34098e-01  +6.52287e-01  +5.75139e-03
+1.68842e+03  +5.53749e-01  +1.41900e-01  +6.62293e-01  +6.48718e-03
+1.68897e+03  +4.71861e-01  +1.36007e-01  +6.66648e-01  +7.38356e-03
+1.68953e+03  +4.73312e-01  +1.25107e-01  +6.62985e-01  +6.91362e-03
+1.69008e+03  +8.68392e-01  +1.22821e-01  +6.56005e-01  +6.17181e-03
+1.69063e+03  +6.81589e-01  +1.24361e-01  +6.52709e-01  +5.89312e-03
+1.69119e+03  +6.93977e-01  +1.49065e-01  +6.56053e-01  +5.76382e-03
+1.69174e+03  +7.13722e-01  +1.61245e-01  +6.59543e-01  +5.78523e-03
+1.69230e+03  +4.64365e-01  +1.61887e-01  +6.60806e-01  +5.85101e-03
+1.69285e+03  +7.35259e-01  +1.58210e-01  +6.61815e-01  +6.09053e-03
+1.69341e+03  +6.32919e-01  +1.42642e-01  +6.60724e-01  +6.24915e-03
+1.69396e+03  +8.09211e-01  +1.19252e-01  +6.53926e-01  +5.57043e-03
+1.69452e+03  +5.77612e-01  +1.24951e-01  +6.44795e-01  +5.57305e-03
+1.69507e+03  +5.96847e-01  +1.28551e-01  +6.41933e-01  +6.18798e-03
+1.69562e+03  +9.04704e-01  +1.30584e-01  +6.48017e-01  +5.53649e-03
+1.69618e+03  +7.41565e-01  +1.30622e-01  +6.55300e-01  +5.75200e-03
+1.69673e+03  +2.38378e-01  +1.37579e-01  +6.59250e-01  +6.68691e-03
+1.69729e+03  +8.17204e-01  +1.62888e-01  +6.59309e-01  +6.76253e-03
+1.69784e+03  +8.08200e-01  +1.70794e-01  +6.56680e-01  +6.12531e-03
+1.69840e+03  +8.06318e-01  +1.70552e-01  +6.53224e-01  +5.65139e-03
+1.69895e+03  +7.34813e-01  +1.68930e-01  +6.49856e-01  +5.49358e-03
+1.69950e+03  +6.18467e-01  +1.42305e-01  +6.44911e-01  +5.53529e-03
+1.70006e+03  +6.26600e-01  +1.08832e-01  +6.37291e-01  +5.76693e-03
+1.70061e+03  +6.51630e-01  +1.02757e-01  +6.31726e-01  +5.92446e-03
+1.70117e+03  +8.13404e-01  +1.12539e-01  +6.33158e-01  +5.60094e-03
+1.70172e+03  +6.97952e-01  +1.24295e-01  +6.40167e-01  +5.35413e-03
+1.70228e+03  +6.56514e-01  +1.25705e-01  +6.46761e-01  +5.43805e-03
+1.70283e+03  +5.15240e-01  +1.27695e-01  +6.50970e-01  +5.70654e-03
+1.70339e+03  +8.78592e-01  +1.36512e-01  +6.53390e-01  +6.14624e-03
+1.70394e+03  +6.90299e-01  +1.60859e-01  +6.54573e-01  +6.68793e-03
+1.70449e+03  +5.86619e-01  +1.77690e-01  +6.54050e-01  +6.89102e-03
+1.70505e+03  +7.67347e-01  +1.85052e-01  +6.50953e-01  +6.40662e-03
+1.70560e+03  +8.48418e-01  +1.93879e-01  +6.44944e-01  +5.62889e-03
+1.70616e+03  +6.05214e-01  +1.85982e-01  +6.36760e-01  +5.37163e-03
+1.70671e+03  +8.03501e-01  +1.56563e-01  +6.29400e-01  +5.62252e-03
+1.70727e+03  +4.87286e-01  +1.48637e-01  +6.26807e-01  +5.81613e-03
+1.70782e+03  +8.18765e-01  +1.54940e-01  +6.31002e-01  +5.55048e-03
+1.70837e+03  +5.08037e-01  +1.48944e-01  +6.38474e-01  +5.38293e-03
+1.70893e+03  +4.24803e-01  +1.46960e-01  +6.43287e-01  +5.63984e-03
+1.70948e+03  +3.95868e-01  +1.50895e-01  +6.43503e-01  +5.80408e-03
+1.71004e+03  +5.37226e-01  +1.49100e-01  +6.37388e-01  +5.56333e-03
+1.71059e+03  +4.69490e-01  +1.38757e-01  +6.24351e-01  +5.67214e-03
+1.71115e+03  +3.72411e-01  +1.37657e-01  +6.11649e-01  +6.59166e-03
+1.71170e+03  +3.50498e-01  +1.47640e-01  +6.06427e-01  +7.05821e-03
+1.71226e+03  +4.22939e-01  +1.54272e-01  +6.08064e-01  +6.86389e-03
+1.71281e+03  +5.82491e-01  +1.49791e-01  +6.14310e-01  +6.48322e-03
+1.71336e+03  +6.62094e-01  +1.46788e-01  +6.23141e-01  +6.36397e-03
+1.71392e+03  +8.75289e-01  +1.42399e-01  +6.29930e-01  +6.55509e-03
+1.71447e+03  +8.61843e-01  +1.23117e-01  +6.30142e-01  +6.58268e-03
+1.71503e+03  +4.83667e-01  +1.06999e-01  +6.24406e-01  +6.91297e-03
+1.71558e+03  +4.42907e-01  +1.03553e-01  +6.18461e-01  +7.63467e-03
+1.71614e+03  +4.72701e-01  +1.05166e-01  +6.13721e-01  +7.84223e-03
+1.71669e+03  +6.28845e-01  +1.29762e-01  +6.07301e-01  +7.64221e-03
+1.71724e+03  +7.35941e-01  +1.72189e-01  +5.96406e-01  +7.01929e-03
+1.71780e+03  +6.81753e-01  +1.86738e-01  +5.83503e-01  +6.70704e-03
+1.71835e+03  +9.79404e-01  +1.95460e-01  +5.77997e-01  +7.49420e-03
+1.71891e+03  +5.53017e-01  +2.05416e-01  +5.88610e-01  +8.46904e-03
+1.71946e+03  +8.08703e-01  +1.88152e-01  +6.09174e-01  +8.69543e-03
+1.72002e+03  +5.94404e-01  +1.55932e-01  +6.23405e-01  +8.18805e-03
+1.72057e+03  +7.74394e-01  +1.51440e-01  +6.26322e-01  +7.55831e-03
+1.72113e+03  +3.79037e-01  +1.48214e-01  +6.21123e-01  +7.44825e-03
+1.72168e+03  +8.68384e-01  +1.37659e-01  +6.13143e-01  +7.67958e-03
+1.72223e+03  +3.56724e-01  +1.34079e-01  +6.08508e-01  +7.51897e-03
+1.72279e+03  +5.76625e-01  +1.32193e-01  +6.09175e-01  +7.02561e-03
+1.72334e+03  +5.22769e-01  +1.20026e-01  +6.11215e-01  +6.77314e-03
+1.72390e+03  +6.24901e-01  +1.06846e-01  +6.09729e-01  +6.85471e-03
+1.72445e+03  +4.39399e-01  +1.10787e-01  +6.07173e-01  +6.80058e-03
+1.72501e+03  +4.34045e-01  +1.22233e-01  +6.06075e-01  +6.71648e-03
+1.72556e+03  +6.47527e-01  +1.25859e-01  +6.06791e-01  +6.60170e-03
+1.72611e+03  +7.62668e-01  +1.25534e-01  +6.10547e-01  +6.19551e-03
+1.72667e+03  +6.60580e-01  +1.23314e-01  +6.14314e-01  +5.84676e-03
+1.72722e+03  +5.95794e-01  +1.13956e-01  +6.15138e-01  +5.72730e-03
+1.72778e+03  +5.21110e-01  +1.21216e-01  +6.15173e-01  +5.69688e-03
+1.72833e+03  +9.13770e-01  +1.54362e-01  +6.17468e-01  +5.64073e-03
+1.72889e+03  +4.82190e-01  +1.68678e-01  +6.22231e-01  +5.58311e-03
+1.72944e+03  +6.28999e-01  +1.69810e-01  +6.26287e-01  +5.75247e-03
+1.73000e+03  +1.21530e+00  +1.68421e-01  +6.26683e-01  +5.85668e-03
+1.73055e+03  +7.84400e-01  +1.49213e-01  +6.23540e-01  +5.69475e-03
+1.73110e+03  +7.20733e-01  +1.30238e-01  +6.20290e-01  +5.61551e-03
+1.73166e+03  +6.16878e-01  +1.37069e-01  +6.19654e-01  +5.60116e-03
+1.73221e+03  +7.55201e-01  +1.39695e-01  +6.20801e-01  +5.62676e-03
+1.73277e+03  +7.78813e-01  +1.39220e-01  +6.21895e-01  +5.69454e-03
+1.73332e+03  +6.10136e-01  +1.35819e-01  +6.23082e-01  +5.76952e-03
+1.73388e+03  +5.74077e-01  +1.31308e-01  +6.25131e-01  +5.97675e-03
+1.73443e+03  +4.76289e-01  +1.58636e-01  +6.27337e-01  +6.47240e-03
+1.73498e+03  +2.74484e-01  +1.75427e-01  +6.27837e-01  +6.91310e-03
+1.73554e+03  +7.95038e-01  +1.79016e-01  +6.24746e-01  +6.67479e-03
+1.73609e+03  +4.36134e-01  +1.78132e-01  +6.19396e-01  +6.21251e-03
+1.73665e+03  +7.02595e-01  +1.60322e-01  +6.14959e-01  +5.95662e-03
+1.73720e+03  +4.72702e-01  +1.22290e-01  +6.12019e-01  +5.65316e-03
+1.73776e+03  +5.89865e-01  +1.06114e-01  +6.09030e-01  +5.69189e-03
+1.73831e+03  +5.88185e-01  +1.06803e-01  +6.06400e-01  +6.13822e-03
+1.73887e+03  +5.77829e-01  +1.20087e-01  +6.07084e-01  +5.80355e-03
+1.73942e+03  +6.62421e-01  +1.27485e-01  +6.11532e-01  +5.47925e-03
+1.73997e+03  +4.55757e-01  +1.30087e-01  +6.16402e-01  +5.89609e-03
+1.74053e+03  +4.95057e-01  +1.32916e-01  +6.18044e-01  +5.99351e-03
+1.74108e+03  +6.77423e-01  +1.42107e-01  +6.17441e-01  +5.92980e-03
+1.74164e+03  +8.83845e-01  +1.58350e-01  +6.16536e-01  +6.04339e-03
+1.74219e+03  +1.06735e+00  +1.64505e-01  +6.16805e-01  +6.45671e-03
+1.74275e+03  +8.99809e-01  +1.64857e-01  +6.19137e-01  +7.11778e-03
+1.74330e+03  +6.34902e-01  +1.63285e-01  +6.21787e-01  +7.72714e-03
+1.74385e+03  +5.82742e-01  +1.42242e-01  +6.22151e-01  +7.81828e-03
+1.74441e+03  +6.19099e-01  +1.15735e-01  +6.19610e-01  +7.33542e-03
+1.74496e+03  +4.88361e-01  +1.06530e-01  +6.15807e-01  +6.77255e-03
+1.74552e+03  +4.95536e-01  +1.03799e-01  +6.14067e-01  +6.52814e-03
+1.74607e+03  +3.43932e-01  +1.03675e-01  +6.13520e-01  +6.14193e-03
+1.74663e+03  +5.29336e-01  +1.06384e-01  +6.10617e-01  +5.70717e-03
+1.74718e+03  +5.75278e-01  +1.15592e-01  +6.04888e-01  +6.75767e-03
+1.74774e+03  +5.78214e-01  +1.19794e-01  +6.00858e-01  +8.09673e-03
+1.74829e+03  +6.43909e-01  +1.20486e-01  +6.01087e-01  +7.90836e-03
+1.74884e+03  +5.22658e-01  +1.24383e-01  +6.03668e-01  +6.85477e-03
+1.74940e+03  +8.31579e-01  +1.35366e-01  +6.06388e-01  +5.98439e-03
+1.74995e+03  +7.25307e-01  +1.36939e-01  +6.06982e-01  +5.69578e-03
+1.75051e+03  +8.55673e-01  +1.35466e-01  +6.02377e-01  +5.63513e-03
+1.75106e+03  +7.66613e-01  +1.34470e-01  +5.94808e-01  +5.76417e-03
+1.75162e+03  +5.31907e-01  +1.26420e-01  +5.90874e-01  +6.00959e-03
+1.75217e+03  +4.51537e-01  +1.10321e-01  +5.93261e-01  +6.07745e-03
+1.75272e+03  +5.58220e-01  +1.04994e-01  +5.97133e-01  +5.94473e-03
+1.75328e+03  +4.84462e-01  +1.04887e-01  +5.99740e-01  +5.87646e-03
+1.75383e+03  +4.67336e-01  +1.05493e-01  +6.03663e-01  +5.99634e-03
+1.75439e+03  +5.35748e-01  +1.07442e-01  +6.08886e-01  +6.43912e-03
+1.75494e+03  +7.14557e-01  +1.07060e-01  +6.12897e-01  +7.09852e-03
+1.75550e+03  +6.78913e-01  +1.06635e-01  +6.14684e-01  +7.64923e-03
+1.75605e+03  +7.54670e-01  +1.09265e-01  +6.15273e-01  +8.04893e-03
+1.75661e+03  +6.88842e-01  +1.12037e-01  +6.14829e-01  +8.17671e-03
+1.75716e+03  +6.24221e-01  +1.11523e-01  +6.12570e-01  +7.73431e-03
+1.75771e+03  +5.91296e-01  +1.14622e-01  +6.07936e-01  +6.72860e-03
+1.75827e+03  +7.49999e-01  +1.22215e-01  +6.03239e-01  +6.02134e-03
+1.75882e+03  +6.89394e-01  +1.21651e-01  +6.01601e-01  +5.87978e-03
+1.75938e+03  +6.17719e-01  +1.20013e-01  +6.01682e-01  +6.06074e-03
+1.75993e+03  +6.08108e-01  +1.20122e-01  +5.99677e-01  +6.57501e-03
+1.76049e+03  +6.27338e-01  +1.14134e-01  +5.96033e-01  +7.21304e-03
+1.76104e+03  +4.82262e-01  +1.06488e-01  +5.95660e-01  +6.75963e-03
+1.76159e+03  +4.89121e-01  +1.03936e-01  +5.98952e-01  +6.12392e-03
+1.76215e+03  +4.91425e-01  +1.03429e-01  +6.02334e-01  +6.55927e-03
+1.76270e+03  +6.04595e-01  +1.03444e-01  +6.02965e-01  +6.71691e-03
+1.76326e+03  +5.61973e-01  +1.03138e-01  +6.00900e-01  +6.29522e-03
+1.76381e+03  +5.15534e-01  +1.03771e-01  +5.97809e-01  +6.03352e-03
+1.76437e+03  +7.69662e-01  +1.04682e-01  +5.94494e-01  +6.09094e-03
+1.76492e+03  +6.04141e-01  +1.05017e-01  +5.93222e-01  +6.42496e-03
+1.76548e+03  +3.88708e-01  +1.06273e-01  +5.96198e-01  +6.91276e-03
+1.76603e+03  +7.12204e-01  +1.08439e-01  +6.00872e-01  +7.43476e-03
+1.76658e+03  +5.15332e-01  +1.10417e-01  +6.03541e-01  +7.71970e-03
+1.76714e+03  +4.49495e-01  +1.10790e-01  +6.03618e-01  +7.69010e-03
+1.76769e+03  +6.76649e-01  +1.13584e-01  +6.02203e-01  +7.43189e-03
+1.76825e+03  +5.47621e-01  +1.14475e-01  +5.99822e-01  +6.86437e-03
+1.76880e+03  +5.59910e-01  +1.11911e-01  +5.95977e-01  +6.06007e-03
+1.76936e+03  +4.65129e-01  +1.10236e-01  +5.91201e-01  +5.82747e-03
+1.76991e+03  +6.34077e-01  +1.08878e-01  +5.88000e-01  +6.25493e-03
+1.77046e+03  +5.71534e-01  +1.05020e-01  +5.88385e-01  +6.23524e-03
+1.77102e+03  +3.86088e-01  +1.03525e-01  +5.92089e-01  +5.84278e-03
+1.77157e+03  +4.78732e-01  +1.02937e-01  +5.96021e-01  +6.17924e-03
+1.77213e+03  +6.31334e-01  +1.03201e-01  +5.98224e-01  +6.80722e-03
+1.77268e+03  +6.19577e-01  +1.02884e-01  +5.98248e-01  +6.97052e-03
+1.77324e+03  +5.42433e-01  +1.02746e-01  +5.96818e-01  +6.75014e-03
+1.77379e+03  +5.91229e-01  +1.03060e-01  +5.95274e-01  +6.55834e-03
+1.77435e+03  +6.19047e-01  +1.02848e-01  +5.93766e-01  +6.36520e-03
+1.77490e+03  +6.93054e-01  +1.03154e-01  +5.91306e-01  +6.07219e-03
+1.77545e+03  +5.91410e-01  +1.03453e-01  +5.87682e-01  +6.11545e-03
+1.77601e+03  +5.74726e-01  +1.03755e-01  +5.85226e-01  +6.36138e-03
+1.77656e+03  +4.90524e-01  +1.04640e-01  +5.85589e-01  +6.05291e-03
+1.77712e+03  +4.47293e-01  +1.05776e-01  +5.85898e-01  +5.92761e-03
+1.77767e+03  +5.93628e-01  +1.06553e-01  +5.84864e-01  +5.96863e-03
+1.77823e+03  +6.23379e-01  +1.07609e-01  +5.84551e-01  +5.95680e-03
+1.77878e+03  +5.10262e-01  +1.08102e-01  +5.86524e-01  +6.07247e-03
+1.77933e+03  +5.95717e-01  +1.07377e-01  +5.89345e-01  +6.44586e-03
+1.77989e+03  +4.89557e-01  +1.06693e-01  +5.90533e-01  +6.74816e-03
+1.78044e+03  +6.14666e-01  +1.06260e-01  +5.89388e-01  +6.67598e-03
+1.78100e+03  +5.91830e-01  +1.05830e-01  +5.87246e-01  +6.49102e-03
+1.78155e+03  +4.37554e-01  +1.05656e-01  +5.85922e-01  +6.44823e-03
+1.78211e+03  +6.56276e-01  +1.05971e-01  +5.86183e-01  +6.54263e-03
+1.78266e+03  +5.20386e-01  +1.06109e-01  +5.87834e-01  +6.80526e-03
+1.78322e+03  +5.45254e-01  +1.05875e-01  +5.90103e-01  +7.31318e-03
+1.78377e+03  +5.30188e-01  +1.05596e-01  +5.91776e-01  +7.87274e-03
+1.78432e+03  +6.14500e-01  +1.05254e-01  +5.92059e-01  +8.12742e-03
+1.78488e+03  +6.26472e-01  +1.05462e-01  +5.91315e-01  +8.11350e-03
+1.78543e+03  +6.96864e-01  +1.04917e-01  +5.90212e-01  +8.01836e-03
+1.78599e+03  +4.87444e-01  +1.04455e-01  +5.89002e-01  +7.81105e-03
+1.78654e+03  +5.46493e-01  +1.04345e-01  +5.87781e-01  +7.40946e-03
+1.78710e+03  +5.48967e-01  +1.04120e-01  +5.86201e-01  +6.84002e-03
+1.78765e+03  +6.52945e-01  +1.04254e-01  +5.83822e-01  +6.30893e-03
+1.78820e+03  +5.56396e-01  +1.04963e-01  +5.81553e-01  +6.07066e-03
+1.78876e+03  +5.16045e-01  +1.05642e-01  +5.80907e-01  +6.06069e-03
+1.78931e+03  +5.20508e-01  +1.06961e-01  +5.81457e-01  +6.15566e-03
+1.78987e+03  +5.05217e-01  +1.08303e-01  +5.81061e-01  +6.19884e-03
+1.79042e+03  +5.25458e-01  +1.08851e-01  +5.78412e-01  +6.08928e-03
+1.79098e+03  +5.38068e-01  +1.08401e-01  +5.73611e-01  +6.02734e-03
+1.79153e+03  +3.92287e-01  +1.08256e-01  +5.67846e-01  +6.14618e-03
+1.79209e+03  +5.46635e-01  +1.07594e-01  +5.64517e-01  +6.22489e-03
+1.79264e+03  +4.62586e-01  +1.06617e-01  +5.66337e-01  +6.14392e-03
+1.79319e+03  +4.68562e-01  +1.06175e-01  +5.71855e-01  +6.25306e-03
+1.79375e+03  +6.14691e-01  +1.05690e-01  +5.76543e-01  +6.51238e-03
+1.79430e+03  +4.17126e-01  +1.05806e-01  +5.78481e-01  +6.59580e-03
+1.79486e+03  +6.10292e-01  +1.05598e-01  +5.78605e-01  +6.58118e-03
+1.79541e+03  +5.40963e-01  +1.06524e-01  +5.79073e-01  +6.74905e-03
+1.79597e+03  +3.83767e-01  +1.14268e-01  +5.80041e-01  +7.20713e-03
+1.79652e+03  +4.38299e-01  +1.34782e-01  +5.80361e-01  +7.54330e-03
+1.79707e+03  +9.51854e-01  +1.60452e-01  +5.80218e-01  +7.56279e-03
+1.79763e+03  +5.90535e-01  +1.73885e-01  +5.80201e-01  +7.50124e-03
+1.79818e+03  +8.10226e-01  +1.91600e-01  +5.80379e-01  +7.55792e-03
+1.79874e+03  +2.79641e-01  +2.07268e-01  +5.80385e-01  +7.65301e-03
+1.79929e+03  +7.64800e-01  +2.01135e-01  +5.79476e-01  +7.49828e-03
+1.79985e+03  +5.33662e-01  +1.91539e-01  +5.76977e-01  +7.04305e-03
+1.80040e+03  +4.02690e-01  +2.01472e-01  +5.72962e-01  +6.52517e-03
+1.80095e+03  +5.43518e-01  +2.06855e-01  +5.68684e-01  +6.18795e-03
+1.80151e+03  +9.53777e-01  +1.97127e-01  +5.67305e-01  +6.11629e-03
+1.80206e+03  +6.98788e-01  +1.92808e-01  +5.69961e-01  +6.31199e-03
+1.80262e+03  +1.57168e-01  +1.84558e-01  +5.73103e-01  +6.60092e-03
+1.80317e+03  +3.18362e-01  +1.62848e-01  +5.74594e-01  +6.74186e-03
+1.80373e+03  +8.43553e-01  +1.43781e-01  +5.75007e-01  +6.87766e-03
+1.80428e+03  +5.74575e-01  +1.37174e-01  +5.74881e-01  +7.11086e-03
+1.80484e+03  +6.14460e-01  +1.36094e-01  +5.73506e-01  +7.19240e-03
+1.80539e+03  +5.89009e-01  +1.33606e-01  +5.71494e-01  +7.10713e-03
+1.80594e+03  +3.65276e-01  +1.20179e-01  +5.70073e-01  +7.03584e-03
+1.80650e+03  +5.01490e-01  +1.11417e-01  +5.69412e-01  +7.03894e-03
+1.80705e+03  +2.92586e-01  +1.09288e-01  +5.68958e-01  +7.12776e-03
+1.80761e+03  +3.98042e-01  +1.07457e-01  +5.68657e-01  +7.27850e-03
+1.80816e+03  +3.95420e-01  +1.07048e-01  +5.67862e-01  +7.30066e-03
+1.80872e+03  +5.83150e-01  +1.06941e-01  +5.65419e-01  +7.06838e-03
+1.80927e+03  +5.56277e-01  +1.09441e-01  +5.62428e-01  +6.76379e-03
+1.80982e+03  +4.38822e-01  +1.18526e-01  +5.60936e-01  +6.55179e-03
+1.81038e+03  +3.41670e-01  +1.75149e-01  +5.60030e-01  +6.36962e-03
+1.81093e+03  +9.89195e-01  +2.35005e-01  +5.57153e-01  +6.13554e-03
+1.81149e+03  +1.02734e+00  +2.51598e-01  +5.54018e-01  +6.12018e-03
+1.81204e+03  +9.02840e-01  +2.60403e-01  +5.53334e-01  +6.27430e-03
+1.81260e+03  +1.11572e+00  +2.66793e-01  +5.55758e-01  +6.24301e-03
+1.81315e+03  +2.49645e-01  +2.29088e-01  +5.60196e-01  +6.16639e-03
+1.81371e+03  +3.33375e-01  +1.84330e-01  +5.64195e-01  +6.50167e-03
+1.81426e+03  +3.05952e-01  +1.72899e-01  +5.65122e-01  +6.74326e-03
+1.81481e+03  +5.95694e-01  +1.61225e-01  +5.63196e-01  +6.46706e-03
+1.81537e+03  +3.69232e-01  +1.44466e-01  +5.60671e-01  +6.16450e-03
+1.81592e+03  +4.79196e-01  +1.39072e-01  +5.59391e-01  +6.10161e-03
+1.81648e+03  +7.05390e-01  +1.38070e-01  +5.59292e-01  +6.05771e-03
+1.81703e+03  +7.11034e-01  +1.33040e-01  +5.59665e-01  +6.19219e-03
+1.81759e+03  +7.31920e-01  +1.21212e-01  +5.60419e-01  +6.55730e-03
+1.81814e+03  +5.07180e-01  +1.15895e-01  +5.60640e-01  +6.70250e-03
+1.81869e+03  +7.54843e-01  +1.34778e-01  +5.59012e-01  +6.37473e-03
+1.81925e+03  +7.72763e-01  +1.52257e-01  +5.56731e-01  +6.08083e-03
+1.81980e+03  +7.79698e-01  +1.56704e-01  +5.55712e-01  +6.04126e-03
+1.82036e+03  +6.29770e-01  +1.56062e-01  +5.53859e-01  +6.05079e-03
+1.82091e+03  +6.48674e-01  +1.50505e-01  +5.49134e-01  +6.01873e-03
+1.82147e+03  +5.88929e-01  +1.29864e-01  +5.44937e-01  +5.99505e-03
+1.82202e+03  +5.92009e-01  +1.39559e-01  +5.45032e-01  +5.87883e-03
+1.82258e+03  +9.33847e-01  +1.94417e-01  +5.48514e-01  +5.85458e-03
+1.82313e+03  +1.10720e+00  +2.20088e-01  +5.52289e-01  +5.99820e-03
+1.82368e+03  +9.84515e-01  +2.22791e-01  +5.54133e-01  +6.18018e-03
+1.82424e+03  +6.34642e-01  +2.21044e-01  +5.51916e-01  +6.26022e-03
+1.82479e+03  +7.75758e-01  +1.95302e-01  +5.46059e-01  +6.21005e-03
+1.82535e+03  +7.95845e-01  +1.41969e-01  +5.41505e-01  +6.27252e-03
+1.82590e+03  +3.28105e-01  +1.42448e-01  +5.41613e-01  +6.28399e-03
+1.82646e+03  +2.28795e-01  +1.60182e-01  +5.44099e-01  +6.29778e-03
+1.82701e+03  +1.03978e+00  +1.64195e-01  +5.46486e-01  +6.33674e-03
+1.82756e+03  +6.44673e-01  +1.64418e-01  +5.49091e-01  +6.32811e-03
+1.82812e+03  +5.43795e-01  +1.59383e-01  +5.51259e-01  +6.28222e-03
+1.82867e+03  +3.58087e-01  +1.51103e-01  +5.51855e-01  +6.23031e-03
+1.82923e+03  -4.79666e-03  +1.99627e-01  +5.50834e-01  +6.15491e-03
+1.82978e+03  +3.80640e-01  +2.33673e-01  +5.49067e-01  +6.07625e-03
+1.83034e+03  +5.05100e-01  +2.38051e-01  +5.48114e-01  +6.04866e-03
+1.83089e+03  -6.72647e-02  +2.37624e-01  +5.48999e-01  +6.08630e-03
+1.83145e+03  +9.56085e-01  +2.14547e-01  +5.50976e-01  +6.29205e-03
+1.83200e+03  +5.39378e-01  +1.54065e-01  +5.52462e-01  +6.58480e-03
+1.83255e+03  +5.34566e-01  +1.19793e-01  +5.52973e-01  +6.78407e-03
+1.83311e+03  +6.72274e-01  +1.18033e-01  +5.53362e-01  +6.97107e-03
+1.83366e+03  +3.90519e-01  +1.31404e-01  +5.53837e-01  +7.15303e-03
+1.83422e+03  +4.63531e-01  +1.55555e-01  +5.53661e-01  +7.14273e-03
+1.83477e+03  +5.70868e-01  +1.63586e-01  +5.52734e-01  +6.98402e-03
+1.83533e+03  +7.58785e-01  +1.61962e-01  +5.51342e-01  +6.84235e-03
+1.83588e+03  +5.36106e-01  +1.59547e-01  +5.48364e-01  +6.54732e-03
+1.83643e+03  +4.31113e-01  +1.61393e-01  +5.42056e-01  +5.99554e-03
+1.83699e+03  +5.74911e-01  +1.91111e-01  +5.34836e-01  +5.97221e-03
+1.83754e+03  +4.89266e-01  +2.07995e-01  +5.31092e-01  +6.47449e-03
+1.83810e+03  +5.00051e-01  +2.10175e-01  +5.32340e-01  +6.62240e-03
+1.83865e+03  +9.81593e-01  +2.07910e-01  +5.36196e-01  +6.13199e-03
+1.83921e+03  +8.44685e-01  +1.82078e-01  +5.38626e-01  +5.87577e-03
+1.83976e+03  +6.01804e-01  +1.34459e-01  +5.37904e-01  +6.15283e-03
+1.84032e+03  +4.84671e-01  +1.14807e-01  +5.37177e-01  +6.23800e-03
+1.84087e+03  +5.62640e-01  +1.12518e-01  +5.37792e-01  +6.03173e-03
+1.84142e+03  +4.21059e-01  +1.11119e-01  +5.37706e-01  +5.96941e-03
+1.84198e+03  +5.87748e-01  +1.09976e-01  +5.35573e-01  +6.44774e-03
+1.84253e+03  +5.14928e-01  +1.17126e-01  +5.32232e-01  +7.36419e-03
+1.84309e+03  +4.67444e-01  +1.35084e-01  +5.28666e-01  +8.45067e-03
+1.84364e+03  +6.84469e-01  +1.43591e-01  +5.25688e-01  +9.40113e-03
+1.84420e+03  +3.26589e-01  +1.45083e-01  +5.24105e-01  +9.76722e-03
+1.84475e+03  +6.98718e-01  +1.49515e-01  +5.24543e-01  +9.14247e-03
+1.84530e+03  +1.79830e-01  +1.63753e-01  +5.26626e-01  +7.73809e-03
+1.84586e+03  +8.97641e-02  +1.73604e-01  +5.29008e-01  +6.55180e-03
+1.84641e+03  +5.58679e-01  +1.74044e-01  +5.30625e-01  +6.16156e-03
+1.84697e+03  +3.34974e-01  +1.74059e-01  +5.32156e-01  +6.06245e-03
+1.84752e+03  +4.39010e-01  +1.65499e-01  +5.34376e-01  +5.97704e-03
+1.84808e+03  +6.46129e-01  +1.36630e-01  +5.36053e-01  +6.01294e-03
+1.84863e+03  +4.99488e-01  +1.14769e-01  +5.35089e-01  +5.97091e-03
+1.84919e+03  +6.13523e-01  +1.10832e-01  +5.31257e-01  +6.15356e-03
+1.84974e+03  +3.97707e-01  +1.11436e-01  +5.26553e-01  +7.08426e-03
+1.85029e+03  +2.12028e-01  +1.10360e-01  +5.24068e-01  +7.69515e-03
+1.85085e+03  +3.88873e-01  +1.11364e-01  +5.24709e-01  +7.22651e-03
+1.85140e+03  +4.54638e-01  +1.10213e-01  +5.26841e-01  +6.38768e-03
+1.85196e+03  +4.74045e-01  +1.10464e-01  +5.28501e-01  +5.99160e-03
+1.85251e+03  +3.28473e-01  +1.14838e-01  +5.29565e-01  +5.94050e-03
+1.85307e+03  +6.11863e-01  +1.24018e-01  +5.30264e-01  +6.01144e-03
+1.85362e+03  +3.67802e-01  +1.26319e-01  +5.29290e-01  +6.03572e-03
+1.85417e+03  +3.72904e-01  +1.28452e-01  +5.26730e-01  +6.10427e-03
+1.85473e+03  +5.32323e-01  +1.37883e-01  +5.25163e-01  +6.27059e-03
+1.85528e+03  +5.13531e-01  +1.44910e-01  +5.26839e-01  +6.11997e-03
+1.85584e+03  +5.72653e-01  +1.43942e-01  +5.31300e-01  +6.15679e-03
+1.85639e+03  +4.41665e-01  +1.43085e-01  +5.35648e-01  +7.01619e-03
+1.85695e+03  +5.04343e-01  +1.40193e-01  +5.37410e-01  +7.67805e-03
+1.85750e+03  +4.37328e-01  +1.26435e-01  +5.36573e-01  +7.59194e-03
+1.85806e+03  +6.20793e-01  +1.14227e-01  +5.34779e-01  +7.21403e-03
+1.85861e+03  +5.92979e-01  +1.10197e-01  +5.32686e-01  +6.78222e-03
+1.85916e+03  +3.99361e-01  +1.09481e-01  +5.30388e-01  +6.44620e-03
+1.85972e+03  +4.56878e-01  +1.10284e-01  +5.28854e-01  +6.38617e-03
+1.86027e+03  +6.10071e-01  +1.11295e-01  +5.29298e-01  +6.48502e-03
+1.86083e+03  +4.73642e-01  +1.12907e-01  +5.31327e-01  +6.83501e-03
+1.86138e+03  +4.93951e-01  +1.13799e-01  +5.33101e-01  +7.32383e-03
+1.86194e+03  +2.87120e-01  +1.14287e-01  +5.33926e-01  +7.63510e-03
+1.86249e+03  +4.15115e-01  +1.13645e-01  +5.33886e-01  +7.70276e-03
+1.86304e+03  +4.65763e-01  +1.13806e-01  +5.33042e-01  +7.55865e-03
+1.86360e+03  +4.60966e-01  +1.18107e-01  +5.31123e-01  +7.17099e-03
+1.86415e+03  +4.73425e-01  +1.20037e-01  +5.27459e-01  +6.44633e-03
+1.86471e+03  +4.44756e-01  +1.21910e-01  +5.22464e-01  +5.91547e-03
+1.86526e+03  +5.25427e-01  +1.26179e-01  +5.18776e-01  +6.25543e-03
+1.86582e+03  +5.25431e-01  +1.29412e-01  +5.18000e-01  +6.57966e-03
+1.86637e+03  +4.01462e-01  +1.27417e-01  +5.20022e-01  +6.34331e-03
+1.86693e+03  +5.95418e-01  +1.26309e-01  +5.23841e-01  +6.13005e-03
+1.86748e+03  +5.25753e-01  +1.25324e-01  +5.28106e-01  +6.67080e-03
+1.86803e+03  +3.73631e-01  +1.20720e-01  +5.30896e-01  +7.46911e-03
+1.86859e+03  +3.42672e-01  +1.18599e-01  +5.30798e-01  +7.54183e-03
+1.86914e+03  +4.84582e-01  +1.23199e-01  +5.28179e-01  +6.95170e-03
+1.86970e+03  +4.81643e-01  +1.31981e-01  +5.24029e-01  +6.31357e-03
+1.87025e+03  +4.20931e-01  +1.44239e-01  +5.20050e-01  +6.03431e-03
+1.87081e+03  +4.70825e-01  +1.57796e-01  +5.17837e-01  +6.00255e-03
+1.87136e+03  +2.57441e-03  +1.73359e-01  +5.18484e-01  +6.06795e-03
+1.87191e+03  +2.47849e-01  +1.86988e-01  +5.21265e-01  +6.31772e-03
+1.87247e+03  +3.75893e-01  +1.99329e-01  +5.23006e-01  +6.72532e-03
+1.87302e+03  +1.28246e-01  +2.07696e-01  +5.21736e-01  +6.82963e-03
+1.87358e+03  +6.91211e-01  +2.11471e-01  +5.18742e-01  +6.59051e-03
+1.87413e+03  +2.52264e-01  +2.09871e-01  +5.16885e-01  +6.38231e-03
+1.87469e+03  +2.17279e-01  +2.02506e-01  +5.17264e-01  +6.33592e-03
+1.87524e+03  +1.55337e-01  +1.90827e-01  +5.18306e-01  +6.41603e-03
+1.87580e+03  +4.68992e-01  +1.73661e-01  +5.18746e-01  +6.63462e-03
+1.87635e+03  +5.69495e-01  +1.62232e-01  +5.19831e-01  +7.09239e-03
+1.87690e+03  +3.41850e-01  +1.62104e-01  +5.22433e-01  +7.74219e-03
+1.87746e+03  +3.40574e-01  +1.69806e-01  +5.25140e-01  +8.31714e-03
+1.87801e+03  +6.03570e-01  +1.84437e-01  +5.26511e-01  +8.56881e-03
+1.87857e+03  +1.97944e-01  +1.98149e-01  +5.26308e-01  +8.44535e-03
+1.87912e+03  +4.27437e-01  +2.08397e-01  +5.24565e-01  +7.91428e-03
+1.87968e+03  -3.14174e-02  +2.10822e-01  +5.20675e-01  +6.91819e-03
+1.88023e+03  +1.32788e-01  +2.12251e-01  +5.14049e-01  +6.14280e-03
+1.88078e+03  +4.02791e-01  +2.08361e-01  +5.06827e-01  +6.79578e-03
+1.88134e+03  +3.99014e-01  +2.06016e-01  +5.02300e-01  +7.62323e-03
+1.88189e+03  +4.98239e-01  +1.97688e-01  +5.02021e-01  +7.44377e-03
+1.88245e+03  +4.78075e-01  +1.93004e-01  +5.04736e-01  +6.64867e-03
+1.88300e+03  +6.24677e-01  +1.82890e-01  +5.07702e-01  +6.05770e-03
+1.88356e+03  +4.79525e-01  +1.75634e-01  +5.07547e-01  +5.93626e-03
+1.88411e+03  +7.66311e-01  +1.66482e-01  +5.02536e-01  +6.27206e-03
+1.88467e+03  +6.94586e-01  +1.58752e-01  +4.96342e-01  +7.02892e-03
+1.88522e+03  +2.61520e-01  +1.50116e-01  +4.94131e-01  +7.36770e-03
+1.88577e+03  +5.06475e-01  +1.45004e-01  +4.95785e-01  +7.43719e-03
+1.88633e+03  +4.28389e-01  +1.38339e-01  +4.97755e-01  +7.73824e-03
+1.88688e+03  +3.95959e-01  +1.34085e-01  +4.98875e-01  +7.80272e-03
+1.88744e+03  +4.13384e-01  +1.30955e-01  +5.01002e-01  +7.09088e-03
+1.88799e+03  +4.57735e-01  +1.30419e-01  +5.04625e-01  +6.30042e-03
+1.88855e+03  +7.07252e-01  +1.29324e-01  +5.06947e-01  +6.23966e-03
+1.88910e+03  +5.93017e-01  +1.28426e-01  +5.06636e-01  +6.26164e-03
+1.88965e+03  +6.03803e-01  +1.29335e-01  +5.05100e-01  +6.16912e-03
+1.89021e+03  +4.34162e-01  +1.27749e-01  +5.03115e-01  +6.14775e-03
+1.89076e+03  +5.98362e-01  +1.25590e-01  +5.00265e-01  +6.65466e-03
+1.89132e+03  +5.12066e-01  +1.23546e-01  +4.97207e-01  +7.71395e-03
+1.89187e+03  +4.63609e-01  +1.21109e-01  +4.95531e-01  +8.44178e-03
+1.89243e+03  +5.06931e-01  +1.17958e-01  +4.95898e-01  +8.32519e-03
+1.89298e+03  +6.07804e-01  +1.17793e-01  +4.97438e-01  +7.77464e-03
+1.89354e+03  +6.01598e-01  +1.18184e-01  +4.98680e-01  +7.37456e-03
+1.89409e+03  +4.49273e-01  +1.19081e-01  +4.98820e-01  +7.32464e-03
+1.89464e+03  +3.30730e-01  +1.19206e-01  +4.97919e-01  +7.65144e-03
+1.89520e+03  +4.10476e-01  +1.18958e-01  +4.96424e-01  +8.32469e-03
+1.89575e+03  +5.16515e-01  +1.19242e-01  +4.94940e-01  +9.02156e-03
+1.89631e+03  +6.07962e-01  +1.19729e-01  +4.94346e-01  +9.43030e-03
+1.89686e+03  +3.03726e-01  +1.20401e-01  +4.95960e-01  +9.06800e-03
+1.89742e+03  +4.70293e-01  +1.21815e-01  +4.98370e-01  +8.12162e-03
+1.89797e+03  +4.25368e-01  +1.22105e-01  +4.97332e-01  +7.41104e-03
+1.89852e+03  +4.63349e-01  +1.22517e-01  +4.92181e-01  +7.13617e-03
+1.89908e+03  +2.77285e-01  +1.21998e-01  +4.88732e-01  +7.08911e-03
+1.89963e+03  +3.84574e-01  +1.22539e-01  +4.92435e-01  +6.73637e-03
+1.90019e+03  +4.51979e-01  +1.32120e-01  +5.00980e-01  +6.78225e-03
+1.90074e+03  +3.52723e-01  +1.68036e-01  +5.07772e-01  +7.41579e-03
+1.90130e+03  +6.65331e-01  +2.11447e-01  +5.10022e-01  +7.70519e-03
+1.90185e+03  +7.27163e-01  +2.37956e-01  +5.08747e-01  +7.45227e-03
+1.90241e+03  +6.74907e-01  +2.74076e-01  +5.04987e-01  +6.90975e-03
+1.90296e+03  +5.73638e-01  +2.97226e-01  +5.00358e-01  +6.80790e-03
+1.90351e+03  +5.33254e-01  +2.80985e-01  +4.97732e-01  +7.24062e-03
+1.90407e+03  -2.62202e-01  +2.66253e-01  +4.98847e-01  +7.28678e-03
+1.90462e+03  +4.81388e-01  +2.79699e-01  +5.02212e-01  +7.05289e-03
+1.90518e+03  +6.45353e-01  +2.72992e-01  +5.05020e-01  +7.08275e-03
+1.90573e+03  +4.49605e-01  +2.59741e-01  +5.05406e-01  +7.09426e-03
+1.90629e+03  +9.41294e-01  +2.54401e-01  +5.03543e-01  +6.86205e-03
+1.90684e+03  +8.28723e-01  +2.35153e-01  +5.00658e-01  +6.67614e-03
+1.90739e+03  +8.91771e-01  +1.94600e-01  +4.98472e-01  +6.64378e-03
+1.90795e+03  +6.51366e-01  +1.76308e-01  +4.98361e-01  +6.55196e-03
+1.90850e+03  +5.47519e-01  +1.74164e-01  +4.99936e-01  +6.56477e-03
+1.90906e+03  +6.95511e-01  +1.72889e-01  +5.01594e-01  +6.80265e-03
+1.90961e+03  +8.60045e-01  +1.69197e-01  +5.02143e-01  +6.94921e-03
+1.91017e+03  +7.37500e-01  +1.47054e-01  +5.01394e-01  +6.83978e-03
+1.91072e+03  +5.62238e-01  +1.28520e-01  +4.99780e-01  +6.68410e-03
+1.91128e+03  +4.69089e-01  +1.25382e-01  +4.98295e-01  +6.74989e-03
+1.91183e+03  +5.14167e-01  +1.28170e-01  +4.97896e-01  +6.92270e-03
+1.91238e+03  +5.68126e-01  +1.30101e-01  +4.97594e-01  +7.04678e-03
+1.91294e+03  +5.86069e-01  +1.29819e-01  +4.94816e-01  +7.20227e-03
+1.91349e+03  +4.57977e-01  +1.30774e-01  +4.89497e-01  +7.98092e-03
+1.91405e+03  +3.80857e-01  +1.29138e-01  +4.84845e-01  +9.19522e-03
+1.91460e+03  +4.24034e-01  +1.41360e-01  +4.83716e-01  +9.55511e-03
+1.91516e+03  -2.38844e-01  +2.28493e-01  +4.85440e-01  +8.83558e-03
+1.91571e+03  +7.94293e-01  +3.09504e-01  +4.87174e-01  +8.11633e-03
+1.91626e+03  +6.33674e-01  +3.37887e-01  +4.87425e-01  +8.04880e-03
+1.91682e+03  +2.00988e-01  +3.45874e-01  +4.86499e-01  +8.35391e-03
+1.91737e+03  +4.18219e-01  +3.55534e-01  +4.85529e-01  +8.52056e-03
+1.91793e+03  -8.31749e-02  +3.10204e-01  +4.84654e-01  +8.46990e-03
+1.91848e+03  +8.22836e-01  +2.52735e-01  +4.83735e-01  +8.26453e-03
+1.91904e+03  +3.12237e-01  +2.31427e-01  +4.83396e-01  +7.78804e-03
+1.91959e+03  +4.02382e-01  +2.12549e-01  +4.84164e-01  +7.05489e-03
